time,Ohms,I,Tvti,Tsample,angle,Hdigit,Hanalog
4773.931053,-0.000635,0.0001,108.443,133.948,0,0,-0.0054
4776.289188,-0.000535,0.0001,108.451,133.905,0,0,-0.0054
4778.675325,0.000735,0.0001,108.462,133.877,0,0,-0.0054
4780.995457,-1e-05,0.0001,108.464,133.849,0,0,-0.0054
4783.31159,-2.5e-05,0.0001,108.476,133.779,0,0,-0.0054
4785.693726,0.00145,0.0001,108.487,133.741,0,0,-0.0054
4788.013859,-0.00103,0.0001,108.493,133.692,0,0,-0.0054
4790.500001,-0.00074,0.0001,108.517,133.655,0,0,-0.0054
4792.861136,-0.000365,0.0001,108.55,133.613,0,0,-0.0054
4795.19927,0.000775,0.0001,108.564,133.574,0,0,-0.0054
4797.582406,-0.000825,0.0001,108.549,133.523,0,0,-0.0054
4799.903539,0.000565,0.0001,108.585,133.488,0,0,-0.0054
4802.219671,-0.00084,0.0001,108.606,133.455,0,0,-0.0054
4804.537804,0.00068,0.0001,108.63,133.414,0,0,-0.0054
4806.860937,-0.00011,0.0001,108.662,133.369,0,0,-0.0054
4809.276075,-0.000865,0.0001,108.702,133.326,0,0,-0.0054
4811.652211,5.5e-05,0.0001,108.717,133.288,0,0,-0.0054
4814.037347,-0.000585,0.0001,108.745,133.254,0,0,-0.0054
4816.35448,0.00116,0.0001,108.78,133.212,0,0,-0.0053
4818.672612,0.000465,0.0001,108.811,133.172,0,0,-0.0053
4821.057749,-0.001065,0.0001,108.831,133.125,0,0,-0.0053
4823.444885,0.000245,0.0001,108.88,133.084,0,0,-0.0053
4825.759018,-0.001165,0.0001,108.917,133.051,0,0,-0.0053
4828.146154,0.00014,0.0001,108.937,132.997,0,0,-0.0053
4830.461287,0.000455,0.0001,108.971,132.965,0,0,-0.0053
4832.775419,-0.000605,0.0001,109.019,132.927,0,0,-0.0053
4835.095552,-0.000245,0.0001,109.049,132.888,0,0,-0.0053
4837.411684,-0.000475,0.0001,109.088,132.852,0,0,-0.0053
4839.796821,4e-05,0.0001,109.139,132.81,0,0,-0.0053
4842.120954,-0.00015,0.0001,109.165,132.775,0,0,-0.0053
4844.451087,-0.00036,0.0001,109.209,132.735,0,0,-0.0053
4846.768219,0.00014,0.0001,109.251,132.705,0,0,-0.0053
4849.152356,-0.00091,0.0001,109.291,132.663,0,0,-0.0053
4851.547493,0.00071,0.0001,109.331,132.624,0,0,-0.0053
4853.863625,0.000145,0.0001,109.388,132.587,0,0,-0.0053
4856.180758,0.00033,0.0001,109.423,132.548,0,0,-0.0053
4858.49989,0.00132,0.0001,109.472,132.517,0,0,-0.0053
4860.891027,-0.00093,0.0001,109.515,132.471,0,0,-0.0053
4863.277164,0.000125,0.0001,109.537,132.45,0,0,-0.0053
4865.593296,0.0002,0.0001,109.583,132.402,0,0,-0.0053
4867.909429,-0.00061,0.0001,109.656,132.361,0,0,-0.0053
4870.224561,0.00124,0.0001,109.681,132.336,0,0,-0.0053
4872.544694,-0.00119,0.0001,109.731,132.306,0,0,-0.0053
4874.860826,-0.000765,0.0001,109.771,132.255,0,0,-0.0053
4877.245963,-0.000605,0.0001,109.843,132.212,0,0,-0.0053
4879.581096,0.00037,0.0001,109.876,132.188,0,0,-0.0053
4881.91823,0.00043,0.0001,109.939,132.155,0,0,-0.0053
4884.233362,-0.000685,0.0001,109.978,132.122,0,0,-0.0053
4886.551495,5.5e-05,0.0001,110.03,132.077,0,0,-0.0053
4888.866627,-5e-05,0.0001,110.078,132.051,0,0,-0.0053
4891.250764,0.000365,0.0001,110.122,132.008,0,0,-0.0053
4893.6339,5e-05,0.0001,110.181,131.973,0,0,-0.0053
4895.952032,0.00079,0.0001,110.253,131.947,0,0,-0.0053
4898.272165,-0.000195,0.0001,110.304,131.905,0,0,-0.0053
4900.658302,-0.00064,0.0001,110.344,131.878,0,0,-0.0053
4902.975434,0.000725,0.0001,110.413,131.837,0,0,-0.0053
4905.306568,8.5e-05,0.0001,110.443,131.801,0,0,-0.0053
4907.6237,-0.00013,0.0001,110.528,131.767,0,0,-0.0053
4910.008836,-0.000135,0.0001,110.565,131.738,0,0,-0.0053
4912.328969,-0.00127,0.0001,110.608,131.705,0,0,-0.0053
4914.670103,0.00045,0.0001,110.661,131.667,0,0,-0.0053
4917.054239,-0.001025,0.0001,110.69,131.634,0,0,-0.0053
4919.473378,0.000255,0.0001,110.774,131.604,0,0,-0.0053
4921.827512,-0.00026,0.0001,110.812,131.582,0,0,-0.0053
4924.213649,1e-05,0.0001,110.864,131.535,0,0,-0.0053
4926.528781,9.5e-05,0.0001,110.935,131.503,0,0,-0.0053
4928.915918,0.00052,0.0001,110.958,131.476,0,0,-0.0053
4931.300054,0.000545,0.0001,111.038,131.444,0,0,-0.0053
4933.688191,-0.00037,0.0001,111.081,131.413,0,0,-0.0053
4936.004323,0.000285,0.0001,111.146,131.38,0,0,-0.0053
4938.321456,-9e-05,0.0001,111.178,131.349,0,0,-0.0053
4940.636588,-0.000195,0.0001,111.224,131.32,0,0,-0.0053
4943.020725,-0.00032,0.0001,111.289,131.28,0,0,-0.0053
4945.337857,0.000755,0.0001,111.329,131.256,0,0,-0.0053
4947.65599,0.000605,0.0001,111.394,131.229,0,0,-0.0053
4950.043126,-0.00134,0.0001,111.448,131.193,0,0,-0.0053
4952.427263,-0.000255,0.0001,111.489,131.162,0,0,-0.0053
4954.742395,0.00027,0.0001,111.539,131.142,0,0,-0.0053
4957.127532,-0.000755,0.0001,111.58,131.099,0,0,-0.0053
4959.54567,-0.00063,0.0001,111.649,131.07,0,0,-0.0053
4961.905805,0.00112,0.0001,111.692,131.039,0,0,-0.0053
4964.296942,0.00039,0.0001,111.74,131.021,0,0,-0.0053
4966.612074,7.5e-05,0.0001,111.788,130.993,0,0,-0.0053
4968.934207,0.00107,0.0001,111.841,130.956,0,0,-0.0053
4971.322343,5e-05,0.0001,111.877,130.926,0,0,-0.0053
4973.70648,-0.000455,0.0001,111.934,130.901,0,0,-0.0053
4976.025612,0.00081,0.0001,111.997,130.871,0,0,-0.0053
4978.342745,1e-05,0.0001,112.021,130.849,0,0,-0.0053
4980.655877,0.000195,0.0001,112.082,130.816,0,0,-0.0053
4983.041014,-0.000205,0.0001,112.138,130.797,0,0,-0.0053
4985.42515,0.00063,0.0001,112.188,130.762,0,0,-0.0053
4987.740282,-5e-05,0.0001,112.235,130.74,0,0,-0.0053
4990.077416,0.000135,0.0001,112.27,130.71,0,0,-0.0053
4992.393549,-0.000185,0.0001,112.344,130.694,0,0,-0.0053
4994.778685,-0.000135,0.0001,112.363,130.665,0,0,-0.0053
4997.094818,6.5e-05,0.0001,112.421,130.639,0,0,-0.0053
4999.40995,0.00053,0.0001,112.462,130.619,0,0,-0.0053
5001.747084,-5.5e-05,0.0001,112.519,130.586,0,0,-0.0053
5004.166222,-0.0011,0.0001,112.56,130.563,0,0,-0.0053
5006.522357,-0.001085,0.0001,112.624,130.532,0,0,-0.0053
5008.938495,0.00011,0.0001,112.655,130.517,0,0,-0.0053
5011.30063,0.000455,0.0001,112.702,130.487,0,0,-0.0053
5013.614762,-4e-05,0.0001,112.752,130.455,0,0,-0.0053
5015.951896,-0.000275,0.0001,112.79,130.441,0,0,-0.0053
5018.282029,0.000355,0.0001,112.859,130.416,0,0,-0.0053
5020.667166,-0.00054,0.0001,112.892,130.394,0,0,-0.0053
5023.0063,-0.00018,0.0001,112.959,130.372,0,0,-0.0053
5025.389436,-0.00053,0.0001,113.003,130.341,0,0,-0.0053
5027.774572,0.000725,0.0001,113.033,130.323,0,0,-0.0053
5030.158709,-0.000205,0.0001,113.085,130.305,0,0,-0.0053
5032.479841,-0.000655,0.0001,113.125,130.28,0,0,-0.0053
5034.817975,-0.000715,0.0001,113.193,130.249,0,0,-0.0053
5037.237114,-0.001255,0.0001,113.219,130.236,0,0,-0.0053
5039.62725,0.000815,0.0001,113.273,130.212,0,0,-0.0053
5042.012387,-0.000265,0.0001,113.322,130.192,0,0,-0.0053
5044.330519,7e-05,0.0001,113.363,130.171,0,0,-0.0053
5046.714656,0.00087,0.0001,113.397,130.148,0,0,-0.0053
5049.101792,-0.00206,0.0001,113.452,130.129,0,0,-0.0053
5051.418925,4.5e-05,0.0001,113.507,130.109,0,0,-0.0053
5053.755058,4.5e-05,0.0001,113.536,130.087,0,0,-0.0053
5056.143195,-0.000445,0.0001,113.582,130.062,0,0,-0.0053
5058.459327,0.00028,0.0001,113.614,130.044,0,0,-0.0053
5060.843464,-0.000765,0.0001,113.667,130.021,0,0,-0.0053
5063.336606,-0.001125,0.0001,113.735,130.011,0,0,-0.0053
5065.692741,0.00139,0.0001,113.784,129.984,0,0,-0.0053
5068.081878,-0.001005,0.0001,113.8,129.971,0,0,-0.0053
5070.39701,0.000785,0.0001,113.871,129.953,0,0,-0.0053
5072.725143,0.000685,0.0001,113.908,129.936,0,0,-0.0053
5075.10928,-9.5e-05,0.0001,113.936,129.92,0,0,-0.0053
5077.425412,-0.000385,0.0001,113.971,129.893,0,0,-0.0053
5079.809549,0.000325,0.0001,114.026,129.877,0,0,-0.0053
5082.125681,-0.00073,0.0001,114.089,129.854,0,0,-0.0053
5084.461815,-0.00105,0.0001,114.124,129.839,0,0,-0.0053
5086.847951,-0.000165,0.0001,114.172,129.818,0,0,-0.0053
5089.232087,-0.001055,0.0001,114.208,129.807,0,0,-0.0053
5091.616224,0.00118,0.0001,114.248,129.795,0,0,-0.0053
5093.933356,-0.00054,0.0001,114.304,129.783,0,0,-0.0053
5096.27149,0.000635,0.0001,114.33,129.757,0,0,-0.0053
5098.586623,-0.00108,0.0001,114.387,129.74,0,0,-0.0053
5101.025762,-0.000765,0.0001,114.426,129.729,0,0,-0.0053
5103.382897,-0.00031,0.0001,114.487,129.708,0,0,-0.0053
5105.699029,0.000485,0.0001,114.504,129.697,0,0,-0.0053
5108.143169,-0.000685,0.0001,114.568,129.676,0,0,-0.0053
5110.60231,0.000605,0.0001,114.616,129.662,0,0,-0.0053
5112.963445,-0.000365,0.0001,114.659,129.644,0,0,-0.0053
5115.292578,0.000175,0.0001,114.682,129.626,0,0,-0.0053
5117.60771,-0.000645,0.0001,114.733,129.618,0,0,-0.0053
5119.924843,-0.00097,0.0001,114.777,129.599,0,0,-0.0053
5122.345981,7e-05,0.0001,114.831,129.588,0,0,-0.0053
5124.705116,-0.00013,0.0001,114.86,129.575,0,0,-0.0053
5127.092253,-0.00066,0.0001,114.896,129.56,0,0,-0.0053
5129.417386,0.00077,0.0001,114.953,129.539,0,0,-0.0053
5131.803522,-0.001185,0.0001,115.003,129.537,0,0,-0.0053
5134.118655,-0.000315,0.0001,115.047,129.524,0,0,-0.0053
5136.505791,0.001025,0.0001,115.082,129.506,0,0,-0.0053
5138.893928,-0.000735,0.0001,115.118,129.499,0,0,-0.0053
5141.213061,0.00016,0.0001,115.171,129.484,0,0,-0.0053
5143.638199,2.5e-05,0.0001,115.197,129.461,0,0,-0.0053
5145.994334,-0.000365,0.0001,115.241,129.453,0,0,-0.0053
5148.321467,-0.00043,0.0001,115.288,129.446,0,0,-0.0053
5150.746606,0.000505,0.0001,115.332,129.424,0,0,-0.0053
5153.103741,0.000525,0.0001,115.359,129.414,0,0,-0.0053
5155.490877,-0.0003,0.0001,115.436,129.399,0,0,-0.0053
5157.80901,0.00034,0.0001,115.467,129.393,0,0,-0.0053
5160.140143,-0.000635,0.0001,115.492,129.381,0,0,-0.0053
5162.459276,0.00106,0.0001,115.547,129.373,0,0,-0.0053
5164.79841,-0.00019,0.0001,115.587,129.368,0,0,-0.0053
5167.117542,0.000475,0.0001,115.637,129.349,0,0,-0.0053
5169.438675,-0.000245,0.0001,115.679,129.344,0,0,-0.0053
5171.754807,-0.000375,0.0001,115.705,129.33,0,0,-0.0053
5174.147944,0.00058,0.0001,115.752,129.321,0,0,-0.0053
5176.535081,0.000215,0.0001,115.787,129.319,0,0,-0.0053
5178.852213,-0.000395,0.0001,115.839,129.302,0,0,-0.0053
5181.188347,-0.00018,0.0001,115.861,129.299,0,0,-0.0053
5183.50648,-0.000865,0.0001,115.904,129.287,0,0,-0.0053
5185.825612,0.00076,0.0001,115.953,129.274,0,0,-0.0053
5188.212749,0.000615,0.0001,115.977,129.27,0,0,-0.0053
5190.529881,0.000225,0.0001,116.03,129.252,0,0,-0.0053
5192.919018,0.00039,0.0001,116.062,129.246,0,0,-0.0053
5195.240151,0.000115,0.0001,116.123,129.236,0,0,-0.0053
5197.562284,-7.5e-05,0.0001,116.169,129.234,0,0,-0.0053
5199.882416,-5e-06,0.0001,116.197,129.227,0,0,-0.0053
5202.205549,-0.00113,0.0001,116.233,129.213,0,0,-0.0053
5204.533682,-4.5e-05,0.0001,116.281,129.201,0,0,-0.0053
5206.854815,-0.000545,0.0001,116.314,129.2,0,0,-0.0053
5209.286954,-0.00104,0.0001,116.35,129.199,0,0,-0.0053
5211.649089,-0.000365,0.0001,116.412,129.184,0,0,-0.0053
5213.971222,7.5e-05,0.0001,116.452,129.168,0,0,-0.0053
5216.358359,-5e-06,0.0001,116.475,129.17,0,0,-0.0053
5218.678491,0.00065,0.0001,116.53,129.153,0,0,-0.0053
5221.000624,-0.000115,0.0001,116.561,129.15,0,0,-0.0053
5223.320757,0.00038,0.0001,116.601,129.146,0,0,-0.0053
5225.809899,-0.001365,0.0001,116.647,129.141,0,0,-0.0053
5228.165034,-0.00051,0.0001,116.684,129.131,0,0,-0.0053
5230.487167,1.05879118407e-19,0.0001,116.747,129.124,0,0,-0.0053
5232.882304,0.000285,0.0001,116.76,129.116,0,0,-0.0053
5235.222438,-0.00013,0.0001,116.821,129.117,0,0,-0.0053
5237.54257,-0.000995,0.0001,116.853,129.11,0,0,-0.0053
5239.98171,-0.0012,0.0001,116.907,129.106,0,0,-0.0053
5242.341845,-0.00124,0.0001,116.917,129.098,0,0,-0.0053
5244.761983,-0.00092,0.0001,116.982,129.086,0,0,-0.0053
5247.124118,0.00087,0.0001,117.028,129.083,0,0,-0.0053
5249.513255,-1e-05,0.0001,117.066,129.086,0,0,-0.0053
5251.845388,-0.000785,0.0001,117.098,129.071,0,0,-0.0053
5254.185522,-0.000275,0.0001,117.143,129.067,0,0,-0.0053
5256.505655,0.00016,0.0001,117.177,129.067,0,0,-0.0053
5258.826788,-0.0008,0.0001,117.2,129.068,0,0,-0.0053
5261.148921,6e-05,0.0001,117.248,129.057,0,0,-0.0053
5263.469053,0.00102,0.0001,117.298,129.061,0,0,-0.0053
5265.791186,-0.0002,0.0001,117.341,129.049,0,0,-0.0053
5268.284329,0.000275,0.0001,117.374,129.045,0,0,-0.0053
5270.649464,-0.0004,0.0001,117.411,129.046,0,0,-0.0053
5272.969597,0.000275,0.0001,117.463,129.041,0,0,-0.0053
5275.289729,0.000685,0.0001,117.474,129.037,0,0,-0.0053
5277.628863,-0.00172,0.0001,117.55,129.025,0,0,-0.0053
5280.043001,-0.000205,0.0001,117.59,129.027,0,0,-0.0053
5282.408137,0.000845,0.0001,117.619,129.027,0,0,-0.0053
5284.73827,-0.00061,0.0001,117.669,129.025,0,0,-0.0053
5287.160408,-8e-05,0.0001,117.712,129.021,0,0,-0.0053
5289.522543,0.000295,0.0001,117.738,129.015,0,0,-0.0053
5291.843676,-0.000135,0.0001,117.775,129.016,0,0,-0.0053
5294.269815,-0.00093,0.0001,117.815,129.006,0,0,-0.0053
5296.62495,0.000835,0.0001,117.855,129.005,0,0,-0.0053
5299.015086,0.00031,0.0001,117.903,129.007,0,0,-0.0053
5301.337219,5e-06,0.0001,117.962,129.007,0,0,-0.0053
5303.654352,-0.00093,0.0001,117.991,129.005,0,0,-0.0053
5306.043488,0.00023,0.0001,118.021,129.004,0,0,-0.0053
5308.368621,0.00085,0.0001,118.066,129.003,0,0,-0.0053
5310.686754,-0.00037,0.0001,118.096,128.995,0,0,-0.0053
5313.006887,0.00036,0.0001,118.149,128.999,0,0,-0.0053
5315.327019,-0.000265,0.0001,118.174,128.997,0,0,-0.0053
5317.658153,-0.00117,0.0001,118.21,128.995,0,0,-0.0053
5319.979285,-0.00041,0.0001,118.249,128.992,0,0,-0.0053
5322.298418,-0.000715,0.0001,118.31,128.995,0,0,-0.0053
5324.628551,-0.00013,0.0001,118.339,128.99,0,0,-0.0053
5326.950684,-4e-05,0.0001,118.367,128.99,0,0,-0.0053
5329.273817,-0.00046,0.0001,118.413,128.991,0,0,-0.0053
5331.60495,-0.00062,0.0001,118.451,128.989,0,0,-0.0053
5333.922083,-0.000245,0.0001,118.509,128.995,0,0,-0.0053
5336.346222,-0.000285,0.0001,118.535,128.99,0,0,-0.0053
5338.703356,0.000685,0.0001,118.591,128.989,0,0,-0.0053
5341.024489,-0.00023,0.0001,118.626,128.991,0,0,-0.0053
5343.453628,-0.000355,0.0001,118.678,128.993,0,0,-0.0053
5345.815763,0.00014,0.0001,118.715,128.986,0,0,-0.0053
5348.136896,0.00086,0.0001,118.744,128.994,0,0,-0.0053
5350.554034,-0.001065,0.0001,118.784,128.994,0,0,-0.0053
5352.913169,-0.001375,0.0001,118.815,128.99,0,0,-0.0053
5355.227302,-0.000715,0.0001,118.852,128.992,0,0,-0.0053
5357.555435,-0.00076,0.0001,118.908,128.991,0,0,-0.0053
5359.944571,0.00073,0.0001,118.945,128.996,0,0,-0.0053
5362.329708,0.00014,0.0001,118.982,128.995,0,0,-0.0053
5364.757847,-0.000715,0.0001,119.021,128.997,0,0,-0.0053
5367.108981,-0.000345,0.0001,119.053,129.003,0,0,-0.0053
5369.490117,0.00025,0.0001,119.103,129.005,0,0,-0.0053
5371.872254,-0.00061,0.0001,119.14,129.009,0,0,-0.0053
5374.189386,0.00012,0.0001,119.183,129.006,0,0,-0.0053
5376.506519,-0.00035,0.0001,119.227,128.998,0,0,-0.0053
5378.828651,-0.000145,0.0001,119.265,129.002,0,0,-0.0053
5381.146784,0.000965,0.0001,119.316,129.004,0,0,-0.0053
5383.472917,-0.00061,0.0001,119.343,129.011,0,0,-0.0053
5385.855053,-0.000595,0.0001,119.383,129.015,0,0,-0.0053
5388.24319,0.000375,0.0001,119.435,129.02,0,0,-0.0053
5390.657328,0.000765,0.0001,119.457,129.017,0,0,-0.0053
5393.020463,0.000155,0.0001,119.492,129.018,0,0,-0.0053
5395.331595,0.00043,0.0001,119.545,129.02,0,0,-0.0053
5397.660729,-0.00159,0.0001,119.58,129.027,0,0,-0.0053
5400.243876,0.000475,0.0001,119.618,129.035,0,0,-0.0053
5402.57801,-0.000425,0.0001,119.682,129.037,0,0,-0.0053
5404.963146,0.000325,0.0001,119.689,129.039,0,0,-0.0053
5407.281279,-0.00057,0.0001,119.74,129.038,0,0,-0.0053
5409.619413,-0.000695,0.0001,119.779,129.046,0,0,-0.0053
5412.002549,0.000265,0.0001,119.821,129.054,0,0,-0.0053
5414.321682,0.00094,0.0001,119.868,129.049,0,0,-0.0053
5416.705818,0.000185,0.0001,119.909,129.065,0,0,-0.0053
5419.00995,-0.000435,0.0001,119.946,129.061,0,0,-0.0053
5421.336083,0.00037,0.0001,119.98,129.062,0,0,-0.0053
5423.649215,0.000265,0.0001,120.021,129.067,0,0,-0.0053
5425.969348,0.0002,0.0001,120.065,129.071,0,0,-0.0053
5428.27648,-0.00094,0.0001,120.1,129.081,0,0,-0.0053
5430.585612,0.00114,0.0001,120.152,129.08,0,0,-0.0053
5432.901744,0.000195,0.0001,120.181,129.084,0,0,-0.0053
5435.283881,-0.000425,0.0001,120.208,129.087,0,0,-0.0053
5437.594013,0.000895,0.0001,120.279,129.1,0,0,-0.0053
5439.909145,-0.0002,0.0001,120.299,129.092,0,0,-0.0053
5442.329283,-0.001035,0.0001,120.355,129.109,0,0,-0.0053
5444.686418,0.000605,0.0001,120.395,129.115,0,0,-0.0053
5447.007551,-0.000795,0.0001,120.428,129.112,0,0,-0.0053
5449.388687,-0.00052,0.0001,120.475,129.128,0,0,-0.0053
5451.697819,-0.000155,0.0001,120.53,129.129,0,0,-0.0053
5454.010952,0.00047,0.0001,120.548,129.124,0,0,-0.0053
5456.397088,-0.000385,0.0001,120.581,129.136,0,0,-0.0053
5458.70622,-0.000505,0.0001,120.631,129.14,0,0,-0.0053
5461.020353,-0.000635,0.0001,120.667,129.151,0,0,-0.0053
5463.400489,-0.000135,0.0001,120.7,129.154,0,0,-0.0053
5465.715621,-0.0013,0.0001,120.771,129.156,0,0,-0.0053
5468.197763,-0.000825,0.0001,120.78,129.154,0,0,-0.0053
5470.554898,3e-05,0.0001,120.836,129.173,0,0,-0.0053
5472.941034,0.00054,0.0001,120.882,129.181,0,0,-0.0053
5475.247166,-0.000255,0.0001,120.925,129.191,0,0,-0.0053
5477.627302,-0.000645,0.0001,120.954,129.187,0,0,-0.0053
5480.010439,0.001615,0.0001,121.003,129.199,0,0,-0.0053
5482.389575,-0.001095,0.0001,121.038,129.205,0,0,-0.0053
5484.767711,6e-05,0.0001,121.107,129.211,0,0,-0.0053
5487.087844,0.000295,0.0001,121.125,129.219,0,0,-0.0053
5489.503982,-0.000435,0.0001,121.158,129.222,0,0,-0.0053
5491.850116,-0.00087,0.0001,121.225,129.24,0,0,-0.0053
5494.228252,-0.00045,0.0001,121.249,129.245,0,0,-0.0053
5496.537384,0.000765,0.0001,121.275,129.246,0,0,-0.0053
5498.91552,0.001145,0.0001,121.308,129.25,0,0,-0.0053
5501.227652,0.000305,0.0001,121.35,129.267,0,0,-0.0053
5503.714795,-0.00093,0.0001,121.412,129.276,0,0,-0.0053
5506.053928,-0.00035,0.0001,121.419,129.273,0,0,-0.0053
5508.36006,-0.00064,0.0001,121.474,129.286,0,0,-0.0053
5510.737196,-0.000285,0.0001,121.531,129.3,0,0,-0.0053
5513.114332,-0.00054,0.0001,121.577,129.302,0,0,-0.0053
5515.423464,0.0003,0.0001,121.613,129.308,0,0,-0.0053
5517.728596,0.00012,0.0001,121.633,129.312,0,0,-0.0053
5520.135734,-0.001515,0.0001,121.692,129.324,0,0,-0.0053
5522.486868,0.000385,0.0001,121.7,129.331,0,0,-0.0053
5524.795,3e-05,0.0001,121.767,129.346,0,0,-0.0053
5527.171136,0.000785,0.0001,121.805,129.345,0,0,-0.0053
5529.548272,-0.00068,0.0001,121.829,129.363,0,0,-0.0053
5531.858404,-0.00094,0.0001,121.87,129.37,0,0,-0.0053
5534.166536,5e-06,0.0001,121.919,129.376,0,0,-0.0053
5536.475668,-0.000515,0.0001,121.96,129.381,0,0,-0.0053
5538.7838,8.5e-05,0.0001,122,129.393,0,0,-0.0053
5541.158936,0.001115,0.0001,122.026,129.402,0,0,-0.0053
5543.467068,-0.000465,0.0001,122.071,129.414,0,0,-0.0053
5545.7792,-5e-05,0.0001,122.097,129.425,0,0,-0.0053
5548.086332,0.00041,0.0001,122.149,129.428,0,0,-0.0053
5550.460468,0.0007,0.0001,122.183,129.44,0,0,-0.0053
5552.774601,-0.00069,0.0001,122.216,129.445,0,0,-0.0053
5555.084733,-0.0004,0.0001,122.253,129.461,0,0,-0.0053
5557.461869,0.000625,0.0001,122.311,129.457,0,0,-0.0053
5559.838005,-0.000425,0.0001,122.327,129.471,0,0,-0.0053
5562.145137,-0.000335,0.0001,122.381,129.478,0,0,-0.0053
5564.521272,0.00015,0.0001,122.423,129.49,0,0,-0.0053
5566.828404,0.00042,0.0001,122.444,129.508,0,0,-0.0053
5569.136536,-0.000455,0.0001,122.486,129.518,0,0,-0.0053
5571.444668,-0.00019,0.0001,122.536,129.526,0,0,-0.0053
5573.756801,0.00038,0.0001,122.579,129.541,0,0,-0.0053
5576.063933,-0.00092,0.0001,122.612,129.549,0,0,-0.0053
5578.440069,0.000915,0.0001,122.647,129.556,0,0,-0.0053
5580.752201,-0.0002,0.0001,122.677,129.563,0,0,-0.0053
5583.058333,-0.00077,0.0001,122.745,129.572,0,0,-0.0053
5585.437469,-0.00051,0.0001,122.751,129.599,0,0,-0.0053
5587.754601,0.000115,0.0001,122.823,129.592,0,0,-0.0053
5590.064733,0.000285,0.0001,122.835,129.604,0,0,-0.0053
5592.370865,-0.00087,0.0001,122.887,129.62,0,0,-0.0053
5594.676997,-0.000175,0.0001,122.921,129.617,0,0,-0.0053
5596.983129,-0.000345,0.0001,122.978,129.642,0,0,-0.0053
5599.360265,0.000995,0.0001,122.987,129.634,0,0,-0.0053
5601.666397,0.000275,0.0001,123.039,129.658,0,0,-0.0053
5603.99653,-0.000565,0.0001,123.099,129.677,0,0,-0.0053
5606.370666,0.000235,0.0001,123.128,129.683,0,0,-0.0053
5608.747802,0.00012,0.0001,123.169,129.69,0,0,-0.0053
5611.060934,-0.001285,0.0001,123.209,129.711,0,0,-0.0053
5613.43707,0.00121,0.0001,123.239,129.714,0,0,-0.0053
5615.814206,-0.00042,0.0001,123.27,129.72,0,0,-0.0053
5618.121338,-0.000275,0.0001,123.313,129.742,0,0,-0.0053
5620.528476,0.000245,0.0001,123.35,129.747,0,0,-0.0053
5622.978616,-0.00059,0.0001,123.395,129.757,0,0,-0.0053
5625.32775,-0.00029,0.0001,123.437,129.772,0,0,-0.0053
5627.704886,0.00048,0.0001,123.47,129.788,0,0,-0.0053
5630.082022,-0.000695,0.0001,123.514,129.797,0,0,-0.0053
5632.388154,-0.00067,0.0001,123.563,129.806,0,0,-0.0053
5634.695286,0.00029,0.0001,123.591,129.823,0,0,-0.0053
5637.001418,-0.00093,0.0001,123.635,129.833,0,0,-0.0053
5639.376554,0.000295,0.0001,123.685,129.846,0,0,-0.0053
5641.75069,0.00076,0.0001,123.723,129.863,0,0,-0.0053
5644.056822,-0.000285,0.0001,123.739,129.876,0,0,-0.0053
5646.436958,-0.000155,0.0001,123.8,129.876,0,0,-0.0053
5648.812094,-5.5e-05,0.0001,123.845,129.896,0,0,-0.0053
5651.119226,-0.00071,0.0001,123.863,129.907,0,0,-0.0053
5653.425357,0.000205,0.0001,123.899,129.922,0,0,-0.0053
5655.838496,-0.000655,0.0001,123.945,129.935,0,0,-0.0053
5658.18463,-0.000195,0.0001,123.971,129.948,0,0,-0.0053
5660.591767,-0.000265,0.0001,124.027,129.961,0,0,-0.0053
5662.942902,-0.001365,0.0001,124.051,129.972,0,0,-0.0053
5665.321038,-0.000395,0.0001,124.109,129.984,0,0,-0.0053
5667.696174,0.00011,0.0001,124.149,129.995,0,0,-0.0053
5670.07331,-0.00029,0.0001,124.166,130.013,0,0,-0.0053
5672.450446,-9e-05,0.0001,124.22,130.026,0,0,-0.0053
5674.762578,-0.002255,0.0001,124.263,130.036,0,0,-0.0053
5677.172716,-0.00063,0.0001,124.315,130.046,0,0,-0.0053
5679.51885,0.0003,0.0001,124.342,130.062,0,0,-0.0053
5681.823982,0.000275,0.0001,124.39,130.078,0,0,-0.0053
5684.199118,0.00089,0.0001,124.407,130.098,0,0,-0.0053
5686.573253,0.00053,0.0001,124.455,130.104,0,0,-0.0053
5688.948389,-0.000945,0.0001,124.491,130.116,0,0,-0.0053
5691.257521,0.000905,0.0001,124.533,130.132,0,0,-0.0053
5693.632657,-0.000775,0.0001,124.578,130.144,0,0,-0.0053
5696.009793,-0.000125,0.0001,124.604,130.149,0,0,-0.0053
5698.489935,-0.000365,0.0001,124.624,130.168,0,0,-0.0053
5700.837069,5.5e-05,0.0001,124.71,130.185,0,0,-0.0053
5703.213205,-0.00025,0.0001,124.729,130.199,0,0,-0.0053
5705.589341,0.00102,0.0001,124.768,130.213,0,0,-0.0053
5707.898473,-0.00024,0.0001,124.819,130.231,0,0,-0.0053
5710.306611,-0.00022,0.0001,124.846,130.242,0,0,-0.0053
5712.653745,-2.5e-05,0.0001,124.888,130.261,0,0,-0.0053
5715.028881,0.000475,0.0001,124.928,130.268,0,0,-0.0053
5717.338013,-0.00062,0.0001,124.989,130.292,0,0,-0.0053
5719.713149,0.000425,0.0001,125.002,130.291,0,0,-0.0053
5722.088285,-0.00038,0.0001,125.058,130.311,0,0,-0.0053
5724.398417,0.00178,0.0001,125.091,130.326,0,0,-0.0053
5726.705549,-0.000645,0.0001,125.113,130.347,0,0,-0.0053
5729.013681,0.000535,0.0001,125.163,130.351,0,0,-0.0053
5731.321813,0.00095,0.0001,125.211,130.371,0,0,-0.0053
5733.697949,-0.000555,0.0001,125.246,130.382,0,0,-0.0053
5736.005081,-0.000515,0.0001,125.268,130.395,0,0,-0.0053
5738.381217,-0.00048,0.0001,125.323,130.417,0,0,-0.0053
5740.758353,5e-06,0.0001,125.384,130.431,0,0,-0.0053
5743.066485,-0.000585,0.0001,125.395,130.447,0,0,-0.0053
5745.372617,-0.00075,0.0001,125.433,130.462,0,0,-0.0053
5747.748752,-0.00015,0.0001,125.474,130.471,0,0,-0.0053
5750.124888,0.00021,0.0001,125.522,130.486,0,0,-0.0053
5752.502024,0.0002,0.0001,125.544,130.504,0,0,-0.0053
5754.88016,-0.000435,0.0001,125.589,130.517,0,0,-0.0053
5757.187292,-0.00027,0.0001,125.625,130.534,0,0,-0.0053
5759.564428,-8e-05,0.0001,125.674,130.546,0,0,-0.0053
5761.938564,0.00036,0.0001,125.719,130.566,0,0,-0.0053
5764.245696,0.000315,0.0001,125.76,130.579,0,0,-0.0053
5766.545828,-0.00138,0.0001,125.797,130.604,0,0,-0.0053
5768.963966,-0.00022,0.0001,125.833,130.611,0,0,-0.0053
5771.330101,0.00034,0.0001,125.881,130.628,0,0,-0.0053
5773.636233,-0.000315,0.0001,125.929,130.647,0,0,-0.0053
5776.012369,0.000445,0.0001,125.947,130.653,0,0,-0.0053
5778.319501,0.00041,0.0001,125.991,130.671,0,0,-0.0053
5780.626633,-0.000985,0.0001,126.026,130.686,0,0,-0.0053
5782.934765,-0.000465,0.0001,126.054,130.698,0,0,-0.0053
5785.310901,0.000775,0.0001,126.09,130.719,0,0,-0.0053
5787.688037,-0.00111,0.0001,126.135,130.739,0,0,-0.0053
5790.063173,0.00066,0.0001,126.175,130.76,0,0,-0.0053
5792.370305,5e-06,0.0001,126.214,130.764,0,0,-0.0053
5794.747441,0.000715,0.0001,126.274,130.791,0,0,-0.0053
5797.121576,0.00025,0.0001,126.28,130.809,0,0,-0.0053
5799.497712,-5e-05,0.0001,126.33,130.821,0,0,-0.0053
5801.804844,0.001095,0.0001,126.373,130.839,0,0,-0.0053
5804.18298,-0.00057,0.0001,126.412,130.847,0,0,-0.0053
5806.490112,-0.00082,0.0001,126.454,130.86,0,0,-0.0053
5808.794244,0.00013,0.0001,126.497,130.886,0,0,-0.0053
5811.103376,0.000945,0.0001,126.526,130.901,0,0,-0.0053
5813.479512,-9e-05,0.0001,126.572,130.92,0,0,-0.0053
5815.808645,5.5e-05,0.0001,126.614,130.928,0,0,-0.0053
5818.184781,0.00049,0.0001,126.665,130.952,0,0,-0.0053
5820.692925,-2e-05,0.0001,126.703,130.972,0,0,-0.0053
5823.020058,-0.00141,0.0001,126.721,130.991,0,0,-0.0053
5825.396194,0.000315,0.0001,126.768,130.995,0,0,-0.0053
5827.805331,-0.000875,0.0001,126.828,131.024,0,0,-0.0053
5830.150466,0.00044,0.0001,126.849,131.038,0,0,-0.0053
5832.525601,-0.000405,0.0001,126.899,131.058,0,0,-0.0053
5834.905738,7.5e-05,0.0001,126.928,131.079,0,0,-0.0053
5837.279873,0.00091,0.0001,126.981,131.093,0,0,-0.0053
5839.655009,-0.00014,0.0001,127.015,131.103,0,0,-0.0053
5842.034145,-0.000525,0.0001,127.058,131.125,0,0,-0.0053
5844.347278,-0.001555,0.0001,127.101,131.148,0,0,-0.0053
5846.65441,-0.000555,0.0001,127.134,131.157,0,0,-0.0053
5848.960541,-0.000415,0.0001,127.167,131.177,0,0,-0.0053
5851.337677,-0.001025,0.0001,127.204,131.183,0,0,-0.0053
5853.646809,-0.0012,0.0001,127.235,131.213,0,0,-0.0053
5856.021945,0.000825,0.0001,127.296,131.232,0,0,-0.0053
5858.396081,0.00045,0.0001,127.315,131.246,0,0,-0.0053
5860.704213,0.000315,0.0001,127.354,131.273,0,0,-0.0053
5863.081349,-0.000125,0.0001,127.402,131.276,0,0,-0.0053
5865.389481,-0.000485,0.0001,127.446,131.303,0,0,-0.0053
5867.696613,0.00086,0.0001,127.48,131.318,0,0,-0.0053
5870.070749,-0.00063,0.0001,127.542,131.341,0,0,-0.0053
5872.443885,0.000585,0.0001,127.555,131.361,0,0,-0.0053
5874.823021,-0.000545,0.0001,127.607,131.376,0,0,-0.0053
5877.199157,0.000405,0.0001,127.644,131.398,0,0,-0.0053
5879.606294,0.000565,0.0001,127.686,131.407,0,0,-0.0053
5882.057434,-0.0001,0.0001,127.72,131.426,0,0,-0.0053
5884.402569,-0.000615,0.0001,127.76,131.445,0,0,-0.0053
5886.779705,-0.000105,0.0001,127.803,131.469,0,0,-0.0053
5889.087837,-0.00013,0.0001,127.858,131.482,0,0,-0.0053
5891.393969,0.001035,0.0001,127.868,131.502,0,0,-0.0053
5893.770104,-0.00061,0.0001,127.921,131.527,0,0,-0.0053
5896.083237,0.000595,0.0001,127.965,131.536,0,0,-0.0053
5898.389369,-0.0002,0.0001,127.973,131.559,0,0,-0.0053
5900.698501,0.000175,0.0001,127.991,131.569,0,0,-0.0053
5903.007633,-0.000835,0.0001,128.07,131.599,0,0,-0.0053
5905.313765,-0.00041,0.0001,128.12,131.61,0,0,-0.0053
5907.619897,-0.001085,0.0001,128.142,131.628,0,0,-0.0053
5909.996032,1e-05,0.0001,128.199,131.657,0,0,-0.0053
5912.371168,-0.000115,0.0001,128.236,131.674,0,0,-0.0053
5914.6813,-0.00049,0.0001,128.269,131.682,0,0,-0.0053
5916.994433,0.00069,0.0001,128.297,131.7,0,0,-0.0053
5919.369569,-0.00147,0.0001,128.327,131.724,0,0,-0.0053
5921.676701,0.000505,0.0001,128.403,131.747,0,0,-0.0053
5924.153842,-0.000905,0.0001,128.43,131.767,0,0,-0.0053
5926.500977,0.00052,0.0001,128.454,131.786,0,0,-0.0053
5928.808108,-0.00012,0.0001,128.507,131.796,0,0,-0.0053
5931.120241,0.0004,0.0001,128.561,131.819,0,0,-0.0053
5933.496377,0.00102,0.0001,128.574,131.83,0,0,-0.0053
5935.871512,-0.001135,0.0001,128.636,131.861,0,0,-0.0053
5938.180645,0.00063,0.0001,128.683,131.877,0,0,-0.0053
5940.487777,0.00045,0.0001,128.689,131.897,0,0,-0.0053
5942.793908,-0.00067,0.0001,128.746,131.917,0,0,-0.0053
5945.173044,0.00047,0.0001,128.771,131.938,0,0,-0.0053
5947.54818,9.5e-05,0.0001,128.844,131.956,0,0,-0.0053
5949.929317,7.5e-05,0.0001,128.847,131.966,0,0,-0.0053
5952.306453,-0.000585,0.0001,128.899,131.999,0,0,-0.0053
5954.680588,0.000535,0.0001,128.944,132.017,0,0,-0.0053
5956.98872,-4.5e-05,0.0001,128.978,132.037,0,0,-0.0053
5959.403858,-0.000775,0.0001,129.022,132.058,0,0,-0.0053
5961.747993,0.001325,0.0001,129.053,132.073,0,0,-0.0053
5964.126129,-0.000935,0.0001,129.094,132.096,0,0,-0.0053
5966.43226,-0.0002,0.0001,129.122,132.107,0,0,-0.0053
5968.747393,-0.000955,0.0001,129.181,132.14,0,0,-0.0053
5971.122529,0.001745,0.0001,129.204,132.154,0,0,-0.0053
5973.427661,6e-05,0.0001,129.233,132.175,0,0,-0.0053
5975.740793,0.000185,0.0001,129.277,132.182,0,0,-0.0053
5978.068926,-0.000455,0.0001,129.328,132.219,0,0,-0.0053
5980.375058,0.000725,0.0001,129.343,132.232,0,0,-0.0053
5982.68419,-0.001195,0.0001,129.382,132.25,0,0,-0.0053
5984.997322,-0.000525,0.0001,129.457,132.274,0,0,-0.0053
5987.325455,1e-05,0.0001,129.481,132.297,0,0,-0.0053
5989.632587,-0.000315,0.0001,129.534,132.311,0,0,-0.0053
5991.94172,-0.00093,0.0001,129.567,132.331,0,0,-0.0053
5994.249852,-0.000785,0.0001,129.601,132.347,0,0,-0.0053
5996.623987,-0.000375,0.0001,129.652,132.369,0,0,-0.0053
5998.998123,-0.00079,0.0001,129.663,132.395,0,0,-0.0053
6001.375259,-0.000155,0.0001,129.723,132.422,0,0,-0.0053
6003.682391,0.00066,0.0001,129.754,132.433,0,0,-0.0053
6006.059527,-0.00052,0.0001,129.81,132.454,0,0,-0.0053
6008.435663,-0.001245,0.0001,129.85,132.475,0,0,-0.0053
6010.748795,-0.000345,0.0001,129.879,132.508,0,0,-0.0053
6013.062928,-0.0004,0.0001,129.914,132.521,0,0,-0.0053
6015.391061,-0.00103,0.0001,129.951,132.542,0,0,-0.0053
6017.766197,-5.5e-05,0.0001,130.006,132.557,0,0,-0.0053
6020.079329,-0.00136,0.0001,130.029,132.57,0,0,-0.0053
6022.385461,9e-05,0.0001,130.073,132.602,0,0,-0.0053
6024.791598,-0.00129,0.0001,130.125,132.626,0,0,-0.0053
6027.143733,-0.000715,0.0001,130.153,132.646,0,0,-0.0054
6029.450865,0.00069,0.0001,130.214,132.671,0,0,-0.0054
6031.762997,-0.000295,0.0001,130.235,132.689,0,0,-0.0054
6034.139133,0.00026,0.0001,130.294,132.71,0,0,-0.0054
6036.516269,-0.00035,0.0001,130.334,132.728,0,0,-0.0054
6038.893405,-0.00143,0.0001,130.359,132.752,0,0,-0.0054
6041.269541,-0.000505,0.0001,130.407,132.783,0,0,-0.0054
6043.646677,-0.00032,0.0001,130.454,132.796,0,0,-0.0054
6045.953809,-0.00036,0.0001,130.505,132.817,0,0,-0.0054
6048.262941,-0.001185,0.0001,130.524,132.837,0,0,-0.0054
6050.589074,-0.000215,0.0001,130.548,132.857,0,0,-0.0054
6052.897206,-0.000125,0.0001,130.599,132.877,0,0,-0.0054
6055.211338,1e-05,0.0001,130.647,132.892,0,0,-0.0054
6057.586474,-0.00084,0.0001,130.688,132.92,0,0,-0.0054
6059.898606,-0.001175,0.0001,130.727,132.938,0,0,-0.0054
6062.205738,0.001405,0.0001,130.746,132.962,0,0,-0.0054
6064.579874,-0.000115,0.0001,130.802,132.983,0,0,-0.0054
6066.887006,0.00071,0.0001,130.821,132.999,0,0,-0.0054
6069.200138,-0.00054,0.0001,130.87,133.025,0,0,-0.0054
6071.573274,-1e-05,0.0001,130.913,133.041,0,0,-0.0054
6073.880406,0.000465,0.0001,130.969,133.068,0,0,-0.0054
6076.251542,-0.00061,0.0001,130.996,133.09,0,0,-0.0054
6078.560674,-0.00063,0.0001,131.022,133.123,0,0,-0.0054
6080.869806,-0.00047,0.0001,131.061,133.135,0,0,-0.0054
6083.178938,0.00082,0.0001,131.115,133.169,0,0,-0.0054
6085.554074,-0.000845,0.0001,131.154,133.184,0,0,-0.0054
6087.864206,-0.00061,0.0001,131.205,133.211,0,0,-0.0054
6090.192339,0.001305,0.0001,131.228,133.232,0,0,-0.0054
6092.499471,-0.000265,0.0001,131.266,133.259,0,0,-0.0054
6094.826604,-0.000245,0.0001,131.308,133.274,0,0,-0.0054
6097.139736,0.001305,0.0001,131.353,133.3,0,0,-0.0054
6099.615878,-0.001285,0.0001,131.383,133.317,0,0,-0.0054
6101.966013,0.00018,0.0001,131.422,133.338,0,0,-0.0054
6104.273144,-0.00034,0.0001,131.47,133.365,0,0,-0.0054
6106.65028,0.00055,0.0001,131.514,133.382,0,0,-0.0054
6108.956412,0.000915,0.0001,131.543,133.406,0,0,-0.0054
6111.269545,-0.00032,0.0001,131.601,133.43,0,0,-0.0054
6113.575677,-0.00021,0.0001,131.618,133.452,0,0,-0.0054
6115.90381,0.000685,0.0001,131.664,133.482,0,0,-0.0054
6118.376951,-0.00081,0.0001,131.727,133.503,0,0,-0.0054
6120.727086,-0.000455,0.0001,131.749,133.526,0,0,-0.0054
6123.104222,-0.00029,0.0001,131.796,133.542,0,0,-0.0054
6125.413354,0.00123,0.0001,131.84,133.57,0,0,-0.0054
6127.737487,-0.00172,0.0001,131.864,133.604,0,0,-0.0054
6130.114623,0.00042,0.0001,131.896,133.623,0,0,-0.0054
6132.423755,0.000505,0.0001,131.956,133.649,0,0,-0.0054
6134.735887,-0.000205,0.0001,131.977,133.665,0,0,-0.0054
6137.143025,-0.00069,0.0001,132.013,133.689,0,0,-0.0054
6139.492159,-0.000345,0.0001,132.06,133.711,0,0,-0.0054
6141.868295,0.00041,0.0001,132.095,133.745,0,0,-0.0054
6144.177427,0.000455,0.0001,132.136,133.761,0,0,-0.0054
6146.50456,-0.00011,0.0001,132.168,133.775,0,0,-0.0054
6148.882696,0.000485,0.0001,132.235,133.813,0,0,-0.0054
6151.259832,0.000735,0.0001,132.264,133.822,0,0,-0.0054
6153.566964,-0.00077,0.0001,132.288,133.851,0,0,-0.0054
6155.875096,0.00021,0.0001,132.342,133.882,0,0,-0.0054
6158.204229,0.00086,0.0001,132.358,133.9,0,0,-0.0054
6160.579365,-8.5e-05,0.0001,132.4,133.933,0,0,-0.0054
6162.886497,0.00012,0.0001,132.463,133.951,0,0,-0.0054
6165.299635,0.00068,0.0001,132.477,133.969,0,0,-0.0054
6167.649769,-0.00055,0.0001,132.496,133.995,0,0,-0.0054
6169.956901,-0.000775,0.0001,132.569,134.013,0,0,-0.0054
6172.269034,-8e-05,0.0001,132.605,134.043,0,0,-0.0054
6174.642169,-0.000855,0.0001,132.636,134.069,0,0,-0.0054
6177.016305,-0.000215,0.0001,132.68,134.093,0,0,-0.0054
6179.323437,6.5e-05,0.0001,132.706,134.107,0,0,-0.0054
6181.629569,-0.000325,0.0001,132.748,134.153,0,0,-0.0054
6184.035707,0.000635,0.0001,132.819,134.162,0,0,-0.0054
6186.381841,-0.00018,0.0001,132.819,134.176,0,0,-0.0054
6188.686973,-0.00069,0.0001,132.863,134.215,0,0,-0.0054
6190.995105,-0.001135,0.0001,132.915,134.231,0,0,-0.0054
6193.303237,0.000175,0.0001,132.96,134.26,0,0,-0.0054
6195.678373,-0.000495,0.0001,133.008,134.289,0,0,-0.0054
6198.054508,-0.00027,0.0001,133.009,134.297,0,0,-0.0054
6200.362641,-0.00026,0.0001,133.043,134.328,0,0,-0.0054
6202.667772,-0.000215,0.0001,133.103,134.346,0,0,-0.0054
6205.141914,0.000335,0.0001,133.147,134.374,0,0,-0.0054
6207.593054,-0.00111,0.0001,133.176,134.397,0,0,-0.0054
6209.940188,0.0014,0.0001,133.225,134.436,0,0,-0.0054
6212.24732,-0.00023,0.0001,133.263,134.452,0,0,-0.0054
6214.555452,-0.001375,0.0001,133.306,134.473,0,0,-0.0054
6216.863584,-0.00031,0.0001,133.33,134.504,0,0,-0.0054
6219.177717,0.000245,0.0001,133.387,134.518,0,0,-0.0054
6221.554853,0.00027,0.0001,133.438,134.544,0,0,-0.0054
6223.931989,0.000685,0.0001,133.458,134.568,0,0,-0.0054
6226.239121,-0.001035,0.0001,133.516,134.598,0,0,-0.0054
6228.616257,0.000385,0.0001,133.549,134.622,0,0,-0.0054
6230.924389,0.000195,0.0001,133.566,134.644,0,0,-0.0054
6233.299524,-0.001205,0.0001,133.63,134.677,0,0,-0.0054
6235.67466,-0.000545,0.0001,133.642,134.688,0,0,-0.0054
6237.983792,-5e-06,0.0001,133.701,134.718,0,0,-0.0054
6240.292924,-0.000405,0.0001,133.733,134.744,0,0,-0.0054
6242.598056,0.000225,0.0001,133.75,134.756,0,0,-0.0054
6244.901188,0.00057,0.0001,133.814,134.793,0,0,-0.0054
6247.277324,5e-06,0.0001,133.861,134.816,0,0,-0.0054
6249.65246,-0.000765,0.0001,133.891,134.848,0,0,-0.0054
6252.030596,0.000805,0.0001,133.913,134.859,0,0,-0.0054
6254.407732,5.5e-05,0.0001,133.982,134.889,0,0,-0.0054
6256.784868,-0.00071,0.0001,133.994,134.921,0,0,-0.0054
6259.092,0.001375,0.0001,134.061,134.944,0,0,-0.0054
6261.471136,0.00027,0.0001,134.07,134.97,0,0,-0.0054
6263.883274,-0.001135,0.0001,134.116,135.003,0,0,-0.0054
6266.231408,0.00022,0.0001,134.167,135.028,0,0,-0.0054
6268.559541,-0.00108,0.0001,134.168,135.036,0,0,-0.0054
6270.867673,-8e-05,0.0001,134.244,135.07,0,0,-0.0054
6273.174805,-0.001435,0.0001,134.282,135.089,0,0,-0.0054
6275.481937,0.00074,0.0001,134.31,135.115,0,0,-0.0054
6277.858073,-0.000925,0.0001,134.358,135.143,0,0,-0.0054
6280.236209,0.00024,0.0001,134.388,135.163,0,0,-0.0054
6282.543341,-0.00029,0.0001,134.436,135.186,0,0,-0.0054
6284.849473,0.00029,0.0001,134.456,135.209,0,0,-0.0054
6287.163605,-0.000745,0.0001,134.514,135.239,0,0,-0.0054
6289.537741,0.001,0.0001,134.546,135.276,0,0,-0.0054
6291.844873,0.000905,0.0001,134.595,135.285,0,0,-0.0054
6294.220009,-0.000885,0.0001,134.612,135.317,0,0,-0.0054
6296.526141,0.0002,0.0001,134.66,135.344,0,0,-0.0054
6298.833273,7.5e-05,0.0001,134.689,135.358,0,0,-0.0054
6301.143405,-0.00087,0.0001,134.738,135.388,0,0,-0.0054
6303.449537,0.000575,0.0001,134.784,135.413,0,0,-0.0054
6305.756669,4e-05,0.0001,134.821,135.43,0,0,-0.0054
6308.133805,-0.000645,0.0001,134.871,135.459,0,0,-0.0054
6310.440937,8.5e-05,0.0001,134.895,135.485,0,0,-0.0054
6312.753069,5.5e-05,0.0001,134.932,135.523,0,0,-0.0054
6315.060201,0.000615,0.0001,134.981,135.546,0,0,-0.0054
6317.437337,0.001055,0.0001,135.009,135.565,0,0,-0.0054
6319.749469,-0.00052,0.0001,135.036,135.597,0,0,-0.0054
6322.057601,1.5e-05,0.0001,135.1,135.615,0,0,-0.0054
6324.430737,0.00078,0.0001,135.153,135.649,0,0,-0.0054
6326.843875,5e-06,0.0001,135.175,135.676,0,0,-0.0054
6329.194009,-0.000585,0.0001,135.2,135.703,0,0,-0.0054
6331.566145,-0.000235,0.0001,135.26,135.723,0,0,-0.0054
6333.942281,-0.000405,0.0001,135.295,135.738,0,0,-0.0054
6336.250413,-7.5e-05,0.0001,135.329,135.77,0,0,-0.0054
6338.558545,-0.000555,0.0001,135.387,135.796,0,0,-0.0054
6341.035687,-0.000265,0.0001,135.405,135.828,0,0,-0.0054
6343.383821,0.000255,0.0001,135.434,135.846,0,0,-0.0054
6345.689953,-0.00037,0.0001,135.478,135.874,0,0,-0.0054
6347.999085,0.000235,0.0001,135.528,135.897,0,0,-0.0054
6350.326218,-0.0005,0.0001,135.563,135.928,0,0,-0.0054
6352.63635,-0.00018,0.0001,135.609,135.952,0,0,-0.0054
6355.011486,-0.001225,0.0001,135.646,135.974,0,0,-0.0054
6357.322618,-7.5e-05,0.0001,135.697,136.008,0,0,-0.0054
6359.62975,-0.000995,0.0001,135.711,136.033,0,0,-0.0054
6361.956883,0.000445,0.0001,135.73,136.063,0,0,-0.0054
6364.331019,0.00044,0.0001,135.796,136.083,0,0,-0.0054
6366.639151,0.00078,0.0001,135.835,136.106,0,0,-0.0054
6369.014287,-0.001015,0.0001,135.879,136.139,0,0,-0.0054
6371.395423,-0.00093,0.0001,135.909,136.162,0,0,-0.0054
6373.769559,-5e-05,0.0001,135.957,136.188,0,0,-0.0054
6376.144695,-0.00017,0.0001,135.987,136.211,0,0,-0.0054
6378.519831,0.00044,0.0001,136.031,136.235,0,0,-0.0054
6380.894966,-0.00014,0.0001,136.07,136.276,0,0,-0.0054
6383.272102,0.000265,0.0001,136.1,136.287,0,0,-0.0054
6385.646238,-0.000255,0.0001,136.159,136.312,0,0,-0.0054
6388.020374,-6.5e-05,0.0001,136.184,136.338,0,0,-0.0054
6390.327506,-0.000455,0.0001,136.225,136.379,0,0,-0.0054
6392.635638,0.0003,0.0001,136.27,136.397,0,0,-0.0054
6394.94677,4.5e-05,0.0001,136.316,136.428,0,0,-0.0054
6397.320906,-0.00059,0.0001,136.345,136.454,0,0,-0.0054
6399.627038,1e-05,0.0001,136.378,136.469,0,0,-0.0054
6401.94417,-5e-06,0.0001,136.415,136.503,0,0,-0.0054
6404.321306,-0.000615,0.0001,136.477,136.531,0,0,-0.0054
6406.629438,-0.000135,0.0001,136.507,136.558,0,0,-0.0054
6408.997574,-0.001195,0.0001,136.53,136.578,0,0,-0.0054
6411.324707,0.000295,0.0001,136.587,136.597,0,0,-0.0054
6413.633839,0.00062,0.0001,136.618,136.633,0,0,-0.0054
6416.116981,-0.001225,0.0001,136.646,136.662,0,0,-0.0054
6418.455115,-0.000855,0.0001,136.697,136.685,0,0,-0.0054
6420.832251,0.001145,0.0001,136.753,136.714,0,0,-0.0054
6423.138383,-0.001625,0.0001,136.787,136.747,0,0,-0.0054
6425.446515,-5.5e-05,0.0001,136.814,136.766,0,0,-0.0054
6427.759647,-0.000305,0.0001,136.815,136.783,0,0,-0.0054
6430.137783,0.00057,0.0001,136.897,136.816,0,0,-0.0054
6432.443915,8.5e-05,0.0001,136.914,136.843,0,0,-0.0054
6434.856053,0.001325,0.0001,136.974,136.873,0,0,-0.0054
6437.205187,-0.00066,0.0001,137.026,136.893,0,0,-0.0054
6439.511319,0.000305,0.0001,137.037,136.925,0,0,-0.0054
6441.887455,-0.0004,0.0001,137.107,136.947,0,0,-0.0054
6444.195587,0.000295,0.0001,137.111,136.976,0,0,-0.0054
6446.572723,0.00035,0.0001,137.156,137.004,0,0,-0.0054
6448.947859,0.00045,0.0001,137.21,137.02,0,0,-0.0054
6451.257991,-0.001145,0.0001,137.223,137.049,0,0,-0.0054
6453.566123,0.000385,0.0001,137.286,137.085,0,0,-0.0054
6455.943259,0.000425,0.0001,137.33,137.104,0,0,-0.0054
6458.319395,-0.000815,0.0001,137.367,137.143,0,0,-0.0054
6460.735533,-0.000595,0.0001,137.387,137.162,0,0,-0.0054
6463.073667,-0.00069,0.0001,137.444,137.193,0,0,-0.0054
6465.380799,0.000605,0.0001,137.473,137.224,0,0,-0.0054
6467.757935,-0.0014,0.0001,137.523,137.245,0,0,-0.0054
6470.065067,-0.000925,0.0001,137.54,137.27,0,0,-0.0054
6472.443203,0.00031,0.0001,137.602,137.307,0,0,-0.0054
6474.816338,2.5e-05,0.0001,137.633,137.326,0,0,-0.0054
6477.194474,-0.0003,0.0001,137.659,137.342,0,0,-0.0054
6479.56861,4.5e-05,0.0001,137.725,137.371,0,0,-0.0054
6481.874742,-0.001115,0.0001,137.766,137.406,0,0,-0.0054
6484.180874,-0.00055,0.0001,137.787,137.439,0,0,-0.0054
6486.588012,0.0001,0.0001,137.833,137.461,0,0,-0.0054
6488.935146,2e-05,0.0001,137.882,137.488,0,0,-0.0054
6491.248278,-0.001215,0.0001,137.922,137.512,0,0,-0.0054
6493.55641,0.000455,0.0001,137.927,137.524,0,0,-0.0054
6495.939547,-0.000155,0.0001,137.985,137.573,0,0,-0.0054
6498.316682,-0.000515,0.0001,138.03,137.594,0,0,-0.0054
6500.707819,-0.000195,0.0001,138.07,137.633,0,0,-0.0054
6503.177961,-0.00098,0.0001,138.097,137.651,0,0,-0.0054
6505.525095,8e-05,0.0001,138.131,137.685,0,0,-0.0054
6507.837227,-0.0023,0.0001,138.182,137.706,0,0,-0.0054
6510.317369,-0.00038,0.0001,138.233,137.735,0,0,-0.0054
6512.667503,0.00019,0.0001,138.262,137.773,0,0,-0.0054
6515.043639,0.001075,0.0001,138.286,137.793,0,0,-0.0054
6517.352771,-0.000765,0.0001,138.344,137.826,0,0,-0.0054
6519.658903,0.00062,0.0001,138.398,137.854,0,0,-0.0054
6522.036039,-0.000205,0.0001,138.422,137.877,0,0,-0.0054
6524.342171,-0.00041,0.0001,138.457,137.9,0,0,-0.0054
6526.672304,0.00048,0.0001,138.49,137.94,0,0,-0.0054
6528.980436,-0.000585,0.0001,138.549,137.965,0,0,-0.0054
6531.288568,0.000235,0.0001,138.592,137.995,0,0,-0.0054
6533.5957,0.00025,0.0001,138.615,138.023,0,0,-0.0054
6535.971836,-0.000405,0.0001,138.653,138.044,0,0,-0.0054
6538.347972,-0.00014,0.0001,138.687,138.068,0,0,-0.0054
6540.655104,0.000375,0.0001,138.723,138.107,0,0,-0.0054
6543.03324,-0.000335,0.0001,138.768,138.127,0,0,-0.0054
6545.340372,6.5e-05,0.0001,138.821,138.163,0,0,-0.0054
6547.646504,-0.000755,0.0001,138.866,138.19,0,0,-0.0054
6549.957636,-0.00074,0.0001,138.877,138.212,0,0,-0.0054
6552.264768,-0.00108,0.0001,138.918,138.223,0,0,-0.0054
6554.5739,-0.00035,0.0001,138.968,138.265,0,0,-0.0054
6556.882032,-8.5e-05,0.0001,139.001,138.294,0,0,-0.0054
6559.257168,-0.00013,0.0001,139.021,138.325,0,0,-0.0054
6561.5653,0.000155,0.0001,139.076,138.353,0,0,-0.0054
6563.941436,-0.001035,0.0001,139.128,138.391,0,0,-0.0054
6566.317572,0.001095,0.0001,139.146,138.41,0,0,-0.0054
6568.694708,0.00035,0.0001,139.212,138.446,0,0,-0.0054
6571.072844,-0.000235,0.0001,139.242,138.467,0,0,-0.0054
6573.390977,-0.001305,0.0001,139.27,138.493,0,0,-0.0054
6575.697108,-0.000215,0.0001,139.304,138.512,0,0,-0.0054
6578.073244,0.000385,0.0001,139.338,138.559,0,0,-0.0054
6580.45138,-0.00084,0.0001,139.411,138.581,0,0,-0.0054
6582.760512,0.000355,0.0001,139.409,138.608,0,0,-0.0054
6585.069644,0.00033,0.0001,139.477,138.631,0,0,-0.0054
6587.44578,0.00024,0.0001,139.507,138.67,0,0,-0.0054
6589.760913,-7.5e-05,0.0001,139.545,138.707,0,0,-0.0054
6592.239055,-0.00096,0.0001,139.603,138.724,0,0,-0.0054
6594.590189,0.00024,0.0001,139.628,138.749,0,0,-0.0054
6596.900321,-0.001045,0.0001,139.689,138.789,0,0,-0.0054
6599.210453,-2.5e-05,0.0001,139.717,138.813,0,0,-0.0054
6601.586589,0.000475,0.0001,139.721,138.837,0,0,-0.0054
6603.897721,-0.00029,0.0001,139.793,138.87,0,0,-0.0054
6606.207854,0.000345,0.0001,139.817,138.887,0,0,-0.0054
6608.516986,-0.00026,0.0001,139.878,138.917,0,0,-0.0054
6610.827118,0.000525,0.0001,139.908,138.958,0,0,-0.0054
6613.13625,-0.00106,0.0001,139.944,138.985,0,0,-0.0054
6615.467383,0.000335,0.0001,139.969,139.011,0,0,-0.0054
6617.777515,-0.00023,0.0001,140.043,139.037,0,0,-0.0054
6620.086647,-0.00025,0.0001,140.053,139.068,0,0,-0.0054
6622.496785,-0.000815,0.0001,140.093,139.088,0,0,-0.0054
6624.84592,-0.00058,0.0001,140.139,139.13,0,0,-0.0054
6627.158052,0.000105,0.0001,140.18,139.153,0,0,-0.0054
6629.467184,-0.000715,0.0001,140.222,139.182,0,0,-0.0054
6631.798317,0.00029,0.0001,140.252,139.214,0,0,-0.0054
6634.107449,0.00033,0.0001,140.312,139.238,0,0,-0.0054
6636.515587,0.000515,0.0001,140.352,139.274,0,0,-0.0054
6638.864721,-0.00036,0.0001,140.375,139.297,0,0,-0.0054
6641.274859,0.00034,0.0001,140.437,139.322,0,0,-0.0054
6643.622994,-0.00064,0.0001,140.468,139.357,0,0,-0.0054
6645.933126,-0.00033,0.0001,140.528,139.386,0,0,-0.0054
6648.311262,0.000135,0.0001,140.553,139.411,0,0,-0.0054
6650.619394,0.000705,0.0001,140.597,139.445,0,0,-0.0054
6652.928526,0.00024,0.0001,140.659,139.476,0,0,-0.0054
6655.237658,-0.000355,0.0001,140.68,139.501,0,0,-0.0054
6657.613794,0.000655,0.0001,140.686,139.535,0,0,-0.0054
6659.922926,-0.00012,0.0001,140.737,139.571,0,0,-0.0054
6662.234058,0.000125,0.0001,140.801,139.59,0,0,-0.0054
6664.613194,0.00059,0.0001,140.847,139.625,0,0,-0.0054
6666.924326,-0.000605,0.0001,140.86,139.643,0,0,-0.0054
6669.25446,0.00057,0.0001,140.896,139.667,0,0,-0.0054
6671.561592,-0.00146,0.0001,140.941,139.706,0,0,-0.0054
6673.937727,-0.000395,0.0001,140.963,139.732,0,0,-0.0054
6676.314863,-0.000145,0.0001,141.031,139.76,0,0,-0.0054
6678.623995,-0.000275,0.0001,141.065,139.786,0,0,-0.0054
6681.002132,-0.00072,0.0001,141.115,139.812,0,0,-0.0054
6683.332265,0.00034,0.0001,141.136,139.854,0,0,-0.0054
6685.640397,0.000195,0.0001,141.193,139.864,0,0,-0.0054
6687.949529,0.000145,0.0001,141.227,139.905,0,0,-0.0054
6690.327665,0.0003,0.0001,141.268,139.939,0,0,-0.0054
6692.636797,-0.00098,0.0001,141.311,139.968,0,0,-0.0054
6694.947929,-0.00031,0.0001,141.339,139.991,0,0,-0.0054
6697.331065,3.5e-05,0.0001,141.378,140.019,0,0,-0.0054
6699.642198,-0.00043,0.0001,141.399,140.053,0,0,-0.0054
6701.95033,0.000165,0.0001,141.435,140.083,0,0,-0.0054
6704.260462,-0.001775,0.0001,141.481,140.112,0,0,-0.0054
6706.568594,0.00018,0.0001,141.526,140.139,0,0,-0.0054
6708.877726,-0.000865,0.0001,141.558,140.168,0,0,-0.0054
6711.256862,0.00082,0.0001,141.603,140.196,0,0,-0.0054
6713.565994,2.5e-05,0.0001,141.64,140.226,0,0,-0.0054
6715.94513,-0.00012,0.0001,141.684,140.26,0,0,-0.0054
6718.260263,0.00104,0.0001,141.75,140.285,0,0,-0.0054
6720.568395,-4.5e-05,0.0001,141.754,140.309,0,0,-0.0054
6722.898528,-0.00094,0.0001,141.816,140.336,0,0,-0.0054
6725.21066,0.001235,0.0001,141.826,140.367,0,0,-0.0054
6727.588796,-0.000445,0.0001,141.864,140.398,0,0,-0.0054
6729.966932,4e-05,0.0001,141.942,140.433,0,0,-0.0054
6732.278064,-0.001345,0.0001,141.975,140.464,0,0,-0.0054
6734.688202,-0.000555,0.0001,141.992,140.499,0,0,-0.0054
6737.040337,-0.00012,0.0001,142.025,140.533,0,0,-0.0054
6739.417473,-0.0003,0.0001,142.061,140.549,0,0,-0.0054
6741.729605,-0.00093,0.0001,142.094,140.585,0,0,-0.0054
6744.040737,-0.00123,0.0001,142.141,140.613,0,0,-0.0054
6746.419873,0.00041,0.0001,142.201,140.646,0,0,-0.0054
6748.734006,0.00058,0.0001,142.239,140.67,0,0,-0.0054
6751.044138,-0.000415,0.0001,142.265,140.696,0,0,-0.0054
6753.422274,0.00012,0.0001,142.317,140.727,0,0,-0.0054
6755.731406,0.001275,0.0001,142.363,140.765,0,0,-0.0054
6758.041538,0.00072,0.0001,142.39,140.792,0,0,-0.0054
6760.419674,0.000195,0.0001,142.434,140.816,0,0,-0.0054
6762.728806,0.000575,0.0001,142.433,140.843,0,0,-0.0054
6765.058939,-0.00101,0.0001,142.498,140.881,0,0,-0.0054
6767.538081,0.000515,0.0001,142.527,140.905,0,0,-0.0054
6769.887215,0.00073,0.0001,142.598,140.941,0,0,-0.0054
6772.197348,-0.00172,0.0001,142.636,140.961,0,0,-0.0054
6774.50748,7e-05,0.0001,142.657,140.988,0,0,-0.0054
6776.817612,0.00063,0.0001,142.698,141.025,0,0,-0.0054
6779.201748,0.00081,0.0001,142.727,141.04,0,0,-0.0054
6781.578884,-0.000365,0.0001,142.797,141.089,0,0,-0.0054
6783.890016,-0.000445,0.0001,142.814,141.125,0,0,-0.0054
6786.269152,-0.000925,0.0001,142.84,141.145,0,0,-0.0054
6788.579285,0.000235,0.0001,142.9,141.174,0,0,-0.0054
6790.958421,-0.00032,0.0001,142.94,141.214,0,0,-0.0054
6793.336557,-0.000995,0.0001,142.955,141.242,0,0,-0.0054
6795.645689,-0.00092,0.0001,142.986,141.267,0,0,-0.0054
6798.025825,-0.00043,0.0001,143.068,141.298,0,0,-0.0054
6800.336957,0.000335,0.0001,143.11,141.326,0,0,-0.0054
6802.646089,0.00062,0.0001,143.128,141.362,0,0,-0.0054
6805.056227,-0.00125,0.0001,143.167,141.383,0,0,-0.0054
6807.408362,9.5e-05,0.0001,143.196,141.413,0,0,-0.0054
6809.717494,-0.00017,0.0001,143.248,141.445,0,0,-0.0054
6812.09863,0.000175,0.0001,143.275,141.465,0,0,-0.0054
6814.477766,-0.000585,0.0001,143.325,141.504,0,0,-0.0054
6816.790898,-0.001585,0.0001,143.377,141.532,0,0,-0.0054
6819.123032,0.000655,0.0001,143.375,141.561,0,0,-0.0054
6821.432164,-0.000665,0.0001,143.44,141.596,0,0,-0.0054
6823.846302,-0.00035,0.0001,143.475,141.614,0,0,-0.0054
6826.197436,-0.00093,0.0001,143.519,141.646,0,0,-0.0054
6828.506568,0.00068,0.0001,143.525,141.671,0,0,-0.0054
6830.886704,-0.00065,0.0001,143.593,141.715,0,0,-0.0054
6833.26384,-0.000175,0.0001,143.633,141.747,0,0,-0.0054
6835.641976,-0.00017,0.0001,143.669,141.778,0,0,-0.0054
6837.952109,-0.000535,0.0001,143.706,141.81,0,0,-0.0054
6840.331245,-0.000325,0.0001,143.747,141.832,0,0,-0.0054
6842.641377,0.00036,0.0001,143.803,141.867,0,0,-0.0054
6845.019513,0.000485,0.0001,143.819,141.875,0,0,-0.0054
6847.404649,2.5e-05,0.0001,143.863,141.933,0,0,-0.0054
6849.724782,8.5e-05,0.0001,143.922,141.958,0,0,-0.0054
6852.102918,0.000995,0.0001,143.937,141.99,0,0,-0.0054
6854.481054,-4e-05,0.0001,143.983,142.023,0,0,-0.0054
6856.86119,-0.000605,0.0001,144.044,142.049,0,0,-0.0054
6859.347332,-0.00018,0.0001,144.064,142.076,0,0,-0.0054
6861.688466,-0.00082,0.0001,144.099,142.115,0,0,-0.0054
6863.999598,0.00073,0.0001,144.132,142.139,0,0,-0.0054
6866.30773,0.0016,0.0001,144.189,142.165,0,0,-0.0054
6868.617863,-0.00034,0.0001,144.24,142.196,0,0,-0.0054
6870.995999,0.000705,0.0001,144.237,142.227,0,0,-0.0054
6873.308131,-0.00129,0.0001,144.295,142.249,0,0,-0.0054
6875.617263,0.001345,0.0001,144.328,142.291,0,0,-0.0054
6877.928395,-0.00126,0.0001,144.378,142.319,0,0,-0.0054
6880.337533,-0.00067,0.0001,144.412,142.359,0,0,-0.0054
6882.691667,-0.000235,0.0001,144.443,142.383,0,0,-0.0054
6885.070804,-0.00162,0.0001,144.514,142.425,0,0,-0.0054
6887.44994,-8e-05,0.0001,144.54,142.446,0,0,-0.0054
6889.758072,-0.000315,0.0001,144.558,142.475,0,0,-0.0054
6892.068204,-0.00062,0.0001,144.611,142.508,0,0,-0.0054
6894.44834,0.000415,0.0001,144.623,142.525,0,0,-0.0054
6896.825476,-0.00045,0.0001,144.664,142.579,0,0,-0.0054
6899.135608,0.000275,0.0001,144.746,142.594,0,0,-0.0054
6901.44874,0.00031,0.0001,144.735,142.631,0,0,-0.0054
6903.757872,0.00122,0.0001,144.763,142.661,0,0,-0.0054
6906.068005,-0.00095,0.0001,144.871,142.693,0,0,-0.0054
6908.377137,-0.00103,0.0001,144.875,142.723,0,0,-0.0054
6910.755273,0.00083,0.0001,144.951,142.748,0,0,-0.0054
6913.067405,-3e-05,0.0001,144.97,142.782,0,0,-0.0054
6915.381537,0.00017,0.0001,144.991,142.811,0,0,-0.0054
6917.760673,0.00039,0.0001,145.026,142.847,0,0,-0.0054
6920.070805,-0.00026,0.0001,145.068,142.877,0,0,-0.0054
6922.382938,0.00013,0.0001,145.122,142.904,0,0,-0.0054
6924.69407,-0.001105,0.0001,145.145,142.943,0,0,-0.0054
6927.073206,-0.00049,0.0001,145.183,142.966,0,0,-0.0054
6929.384338,0.0004,0.0001,145.251,143.001,0,0,-0.0054
6931.767474,-0.000425,0.0001,145.259,143.029,0,0,-0.0054
6934.146611,0.000935,0.0001,145.325,143.051,0,0,-0.0054
6936.458743,-0.00054,0.0001,145.36,143.088,0,0,-0.0054
6938.789876,-0.00014,0.0001,145.37,143.124,0,0,-0.0054
6941.100008,-3.5e-05,0.0001,145.415,143.158,0,0,-0.0054
6943.479144,-0.00065,0.0001,145.456,143.173,0,0,-0.0054
6945.794277,0.00069,0.0001,145.482,143.213,0,0,-0.0054
6948.174413,-0.000865,0.0001,145.55,143.24,0,0,-0.0054
6950.484545,-0.00045,0.0001,145.572,143.279,0,0,-0.0054
6952.863681,-6.5e-05,0.0001,145.622,143.306,0,0,-0.0054
6955.246817,0.000415,0.0001,145.67,143.346,0,0,-0.0054
6957.728959,-0.001435,0.0001,145.707,143.383,0,0,-0.0054
6960.083094,0.00013,0.0001,145.748,143.403,0,0,-0.0054
6962.392226,-0.00136,0.0001,145.796,143.436,0,0,-0.0054
6964.771362,0.000325,0.0001,145.803,143.468,0,0,-0.0054
6967.080494,-0.0003,0.0001,145.867,143.499,0,0,-0.0054
6969.45863,0.00117,0.0001,145.903,143.531,0,0,-0.0054
6971.767762,0.00087,0.0001,145.922,143.562,0,0,-0.0054
6974.077894,-0.0009,0.0001,145.973,143.581,0,0,-0.0054
6976.407028,-0.00025,0.0001,146.006,143.621,0,0,-0.0054
6978.71616,-0.000485,0.0001,146.069,143.658,0,0,-0.0054
6981.029292,0.00028,0.0001,146.094,143.689,0,0,-0.0054
6983.407428,0.00018,0.0001,146.132,143.726,0,0,-0.0054
6985.785564,0.000605,0.0001,146.18,143.758,0,0,-0.0054
6988.098696,-0.00093,0.0001,146.227,143.786,0,0,-0.0054
6990.414829,0.000855,0.0001,146.274,143.809,0,0,-0.0054
6992.725961,0.000545,0.0001,146.269,143.841,0,0,-0.0054
6995.105097,0.000345,0.0001,146.333,143.88,0,0,-0.0054
6997.414229,-0.000405,0.0001,146.375,143.909,0,0,-0.0054
6999.792365,0.00035,0.0001,146.379,143.935,0,0,-0.0054
7002.103497,-0.0001,0.0001,146.438,143.976,0,0,-0.0054
7004.480633,-0.00023,0.0001,146.454,143.983,0,0,-0.0054
7006.791766,0.000135,0.0001,146.52,144.03,0,0,-0.0054
7009.105898,-0.00029,0.0001,146.563,144.058,0,0,-0.0054
7011.41603,0.00033,0.0001,146.573,144.089,0,0,-0.0054
7013.795166,0.000205,0.0001,146.662,144.127,0,0,-0.0054
7016.105298,-0.000325,0.0001,146.67,144.148,0,0,-0.0054
7018.416431,-0.000145,0.0001,146.722,144.175,0,0,-0.0054
7020.795567,-0.000205,0.0001,146.723,144.204,0,0,-0.0054
7023.105699,0.001185,0.0001,146.765,144.24,0,0,-0.0054
7025.482835,0.00036,0.0001,146.834,144.281,0,0,-0.0054
7027.792967,0.000535,0.0001,146.854,144.305,0,0,-0.0054
7030.171103,0.001015,0.0001,146.915,144.335,0,0,-0.0054
7032.480235,8e-05,0.0001,146.955,144.369,0,0,-0.0054
7034.859371,-0.000225,0.0001,146.979,144.396,0,0,-0.0054
7037.169503,0.00019,0.0001,147.03,144.428,0,0,-0.0054
7039.479635,-0.00035,0.0001,147.072,144.451,0,0,-0.0054
7041.858771,-2e-05,0.0001,147.113,144.497,0,0,-0.0054
7044.236907,-0.00033,0.0001,147.132,144.514,0,0,-0.0054
7046.613043,0.00034,0.0001,147.166,144.561,0,0,-0.0054
7048.993179,0.0005,0.0001,147.21,144.589,0,0,-0.0054
7051.372315,-0.001235,0.0001,147.251,144.614,0,0,-0.0054
7053.682448,0.00033,0.0001,147.28,144.65,0,0,-0.0054
7056.060584,0.000415,0.0001,147.326,144.681,0,0,-0.0054
7058.43872,-0.00093,0.0001,147.373,144.732,0,0,-0.0054
7060.816856,-0.000485,0.0001,147.412,144.738,0,0,-0.0054
7063.199992,0.000625,0.0001,147.42,144.78,0,0,-0.0054
7065.576128,0.000595,0.0001,147.505,144.818,0,0,-0.0054
7067.88526,9.5e-05,0.0001,147.556,144.849,0,0,-0.0054
7070.261396,-0.00048,0.0001,147.573,144.868,0,0,-0.0054
7072.638532,-0.00059,0.0001,147.619,144.905,0,0,-0.0054
7074.947664,0.000555,0.0001,147.647,144.934,0,0,-0.0054
7077.3248,-0.00065,0.0001,147.702,144.967,0,0,-0.0054
7079.632932,5e-06,0.0001,147.722,145.004,0,0,-0.0054
7081.943064,-0.00025,0.0001,147.735,145.026,0,0,-0.0054
7084.3212,-0.00026,0.0001,147.781,145.06,0,0,-0.0054
7086.629332,-0.001115,0.0001,147.836,145.091,0,0,-0.0054
7089.009468,0.00012,0.0001,147.898,145.126,0,0,-0.0054
7091.386604,0.000315,0.0001,147.917,145.163,0,0,-0.0054
7093.688736,0.000115,0.0001,147.977,145.199,0,0,-0.0054
7096.167878,-0.00028,0.0001,148.027,145.222,0,0,-0.0054
7098.522012,-0.00045,0.0001,148.045,145.253,0,0,-0.0054
7100.831144,0.00039,0.0001,148.087,145.288,0,0,-0.0054
7103.143277,-0.00035,0.0001,148.113,145.305,0,0,-0.0054
7105.47541,-0.001045,0.0001,148.157,145.351,0,0,-0.0054
7107.785542,-0.00076,0.0001,148.197,145.381,0,0,-0.0054
7110.095674,0.00072,0.0001,148.214,145.405,0,0,-0.0054
7112.47381,-4.5e-05,0.0001,148.297,145.447,0,0,-0.0054
7114.783942,-0.00088,0.0001,148.327,145.469,0,0,-0.0054
7117.164079,0.00051,0.0001,148.389,145.517,0,0,-0.0054
7119.474211,-0.00089,0.0001,148.387,145.544,0,0,-0.0054
7121.785343,0.000505,0.0001,148.418,145.562,0,0,-0.0054
7124.096475,-0.00055,0.0001,148.471,145.605,0,0,-0.0054
7126.474611,0.00077,0.0001,148.506,145.624,0,0,-0.0054
7128.784743,0.00074,0.0001,148.534,145.661,0,0,-0.0054
7131.162879,-0.002065,0.0001,148.578,145.694,0,0,-0.0054
7133.539015,0.00109,0.0001,148.619,145.725,0,0,-0.0054
7135.848147,-0.000305,0.0001,148.666,145.755,0,0,-0.0054
7138.259285,0.000505,0.0001,148.7,145.793,0,0,-0.0054
7140.61042,-0.00025,0.0001,148.747,145.829,0,0,-0.0054
7142.988556,0.00179,0.0001,148.774,145.847,0,0,-0.0054
7145.298688,-0.00075,0.0001,148.83,145.889,0,0,-0.0054
7147.627821,-0.00026,0.0001,148.868,145.912,0,0,-0.0054
7150.006957,-0.000515,0.0001,148.888,145.943,0,0,-0.0054
7152.316089,-0.001185,0.0001,148.924,145.979,0,0,-0.0054
7154.628221,0.000705,0.0001,148.982,146.007,0,0,-0.0054
7157.038359,-0.00019,0.0001,149.007,146.049,0,0,-0.0054
7159.387494,-3.5e-05,0.0001,149.043,146.07,0,0,-0.0054
7161.697626,0.00028,0.0001,149.12,146.111,0,0,-0.0054
7164.111764,-0.0005,0.0001,149.149,146.134,0,0,-0.0054
7166.458898,0.000355,0.0001,149.171,146.16,0,0,-0.0054
7168.76803,-0.00048,0.0001,149.211,146.188,0,0,-0.0054
7171.146166,0.000575,0.0001,149.245,146.226,0,0,-0.0054
7173.525302,0.00043,0.0001,149.296,146.269,0,0,-0.0054
7175.903438,0.00024,0.0001,149.337,146.287,0,0,-0.0054
7178.281574,0.001165,0.0001,149.375,146.333,0,0,-0.0054
7180.589706,-0.001075,0.0001,149.408,146.366,0,0,-0.0054
7182.967842,-0.00046,0.0001,149.44,146.4,0,0,-0.0054
7185.343978,-0.000385,0.0001,149.514,146.432,0,0,-0.0054
7187.724114,-0.00155,0.0001,149.539,146.458,0,0,-0.0054
7190.10425,0.00047,0.0001,149.615,146.498,0,0,-0.0054
7192.414383,0.000375,0.0001,149.601,146.514,0,0,-0.0054
7194.792519,0.000885,0.0001,149.674,146.559,0,0,-0.0054
7197.170655,-0.000205,0.0001,149.677,146.582,0,0,-0.0054
7199.479787,-0.00055,0.0001,149.727,146.62,0,0,-0.0054
7201.859923,0.00101,0.0001,149.776,146.649,0,0,-0.0054
7204.171055,-0.00049,0.0001,149.796,146.679,0,0,-0.0054
7206.479187,-0.00112,0.0001,149.826,146.721,0,0,-0.0054
7208.856323,2.5e-05,0.0001,149.89,146.751,0,0,-0.0054
7211.233459,-0.000375,0.0001,149.93,146.787,0,0,-0.0054
7213.542591,0.000505,0.0001,149.958,146.811,0,0,-0.0054
7215.920727,-0.00083,0.0001,149.984,146.838,0,0,-0.0054
7218.229859,-0.000835,0.0001,150.046,146.865,0,0,-0.0054
7220.540991,-0.000725,0.0001,150.083,146.908,0,0,-0.0054
7222.95913,1.5e-05,0.0001,150.149,146.953,0,0,-0.0054
7225.308264,-0.00061,0.0001,150.148,146.974,0,0,-0.0054
7227.617396,0.000485,0.0001,150.205,147.01,0,0,-0.0054
7229.928528,-0.00029,0.0001,150.265,147.037,0,0,-0.0054
7232.308664,-0.00048,0.0001,150.296,147.081,0,0,-0.0054
7234.618797,0.00023,0.0001,150.323,147.103,0,0,-0.0054
7236.928929,-0.00017,0.0001,150.37,147.135,0,0,-0.0054
7239.241061,2e-05,0.0001,150.411,147.175,0,0,-0.0054
7241.628197,-0.000265,0.0001,150.451,147.211,0,0,-0.0054
7244.106339,-0.000965,0.0001,150.488,147.231,0,0,-0.0054
7246.455474,0.000735,0.0001,150.533,147.271,0,0,-0.0054
7248.83461,-0.00099,0.0001,150.586,147.299,0,0,-0.0054
7251.213746,-0.000395,0.0001,150.606,147.325,0,0,-0.0054
7253.522878,0.000775,0.0001,150.622,147.381,0,0,-0.0054
7255.83301,0.0002,0.0001,150.681,147.403,0,0,-0.0054
7258.143142,1.5e-05,0.0001,150.739,147.44,0,0,-0.0054
7260.453274,0.00064,0.0001,150.768,147.462,0,0,-0.0054
7262.83141,-0.001025,0.0001,150.8,147.499,0,0,-0.0054
7265.140542,0.001855,0.0001,150.846,147.524,0,0,-0.0054
7267.451675,-0.00075,0.0001,150.892,147.565,0,0,-0.0054
7269.831811,0.001055,0.0001,150.931,147.595,0,0,-0.0054
7272.141943,0.00075,0.0001,150.96,147.631,0,0,-0.0054
7274.453075,0.00081,0.0001,150.994,147.661,0,0,-0.0054
7276.763207,0.00044,0.0001,151.058,147.698,0,0,-0.0054
7279.145343,0.00027,0.0001,151.099,147.74,0,0,-0.0054
7281.522479,-0.001645,0.0001,151.117,147.762,0,0,-0.0054
7283.831611,0.001745,0.0001,151.163,147.787,0,0,-0.0054
7286.210747,-0.001165,0.0001,151.22,147.828,0,0,-0.0054
7288.587883,0.00123,0.0001,151.236,147.858,0,0,-0.0054
7290.966019,0.000715,0.0001,151.279,147.892,0,0,-0.0054
7293.275152,-9.5e-05,0.0001,151.322,147.93,0,0,-0.0054
7295.653288,-0.00024,0.0001,151.379,147.959,0,0,-0.0054
7298.032424,0.00056,0.0001,151.383,147.979,0,0,-0.0054
7300.41056,-0.000345,0.0001,151.433,148.028,0,0,-0.0054
7302.793696,-0.001125,0.0001,151.488,148.059,0,0,-0.0054
7305.108828,-0.000415,0.0001,151.518,148.088,0,0,-0.0054
7307.438962,-0.00022,0.0001,151.565,148.136,0,0,-0.0054
7309.748094,0.000935,0.0001,151.589,148.16,0,0,-0.0054
7312.056226,-0.000165,0.0001,151.634,148.199,0,0,-0.0054
7314.433362,-0.000465,0.0001,151.696,148.223,0,0,-0.0054
7316.742494,0.00025,0.0001,151.739,148.254,0,0,-0.0054
7319.12063,0.00027,0.0001,151.766,148.292,0,0,-0.0054
7321.496766,-5e-06,0.0001,151.787,148.323,0,0,-0.0054
7323.806898,-0.000415,0.0001,151.816,148.362,0,0,-0.0054
7326.185034,0.000275,0.0001,151.867,148.393,0,0,-0.0054
7328.496166,-0.00039,0.0001,151.882,148.425,0,0,-0.0054
7330.877302,-0.000405,0.0001,151.952,148.456,0,0,-0.0054
7333.187434,0.00027,0.0001,151.98,148.485,0,0,-0.0054
7335.493566,-0.000495,0.0001,152.014,148.512,0,0,-0.0054
7337.8237,0.00082,0.0001,152.092,148.556,0,0,-0.0054
7340.135832,-0.000655,0.0001,152.094,148.592,0,0,-0.0054
7342.444964,-0.000735,0.0001,152.129,148.62,0,0,-0.0054
7344.778097,0.000665,0.0001,152.18,148.643,0,0,-0.0054
7347.09023,-0.00085,0.0001,152.23,148.684,0,0,-0.0054
7349.469366,-0.0002,0.0001,152.253,148.701,0,0,-0.0054
7351.779498,-0.00039,0.0001,152.287,148.742,0,0,-0.0054
7354.157634,-0.00075,0.0001,152.311,148.784,0,0,-0.0054
7356.53477,-0.000375,0.0001,152.378,148.809,0,0,-0.0054
7358.844902,0.000675,0.0001,152.417,148.848,0,0,-0.0054
7361.224038,-0.00051,0.0001,152.429,148.868,0,0,-0.0054
7363.53517,0.000705,0.0001,152.468,148.912,0,0,-0.0054
7365.945308,-0.000635,0.0001,152.553,148.945,0,0,-0.0054
7368.294442,-0.001705,0.0001,152.577,148.973,0,0,-0.0054
7370.603574,0.0012,0.0001,152.622,149.014,0,0,-0.0054
7372.983711,-0.001255,0.0001,152.636,149.052,0,0,-0.0054
7375.462852,0.000505,0.0001,152.683,149.081,0,0,-0.0054
7377.815987,0.000425,0.0001,152.717,149.117,0,0,-0.0054
7380.226125,-0.00108,0.0001,152.765,149.149,0,0,-0.0054
7382.574259,-0.00049,0.0001,152.789,149.178,0,0,-0.0054
7384.952395,0.000255,0.0001,152.85,149.216,0,0,-0.0054
7387.261527,0.000225,0.0001,152.887,149.256,0,0,-0.0054
7389.573659,5e-05,0.0001,152.924,149.278,0,0,-0.0054
7391.952796,0.000205,0.0001,152.976,149.316,0,0,-0.0054
7394.369934,-0.00052,0.0001,152.989,149.355,0,0,-0.0054
7396.718068,-0.00024,0.0001,153.047,149.376,0,0,-0.0054
7399.096204,0.001275,0.0001,153.076,149.406,0,0,-0.0054
7401.405336,0.00116,0.0001,153.108,149.435,0,0,-0.0054
7403.783472,-0.000375,0.0001,153.149,149.471,0,0,-0.0054
7406.162608,0.00032,0.0001,153.214,149.513,0,0,-0.0054
7408.539744,-0.00091,0.0001,153.243,149.54,0,0,-0.0054
7410.848876,-0.00039,0.0001,153.253,149.582,0,0,-0.0054
7413.227012,-0.000515,0.0001,153.308,149.601,0,0,-0.0054
7415.538145,-0.000815,0.0001,153.339,149.639,0,0,-0.0054
7417.920281,0.000825,0.0001,153.393,149.673,0,0,-0.0054
7420.297417,-0.00098,0.0001,153.43,149.703,0,0,-0.0054
7422.606549,0.00063,0.0001,153.453,149.741,0,0,-0.0054
7424.985685,0.00086,0.0001,153.478,149.776,0,0,-0.0054
7427.295817,0.00013,0.0001,153.554,149.812,0,0,-0.0054
7429.631951,0.00021,0.0001,153.579,149.833,0,0,-0.0054
7432.010087,-9.5e-05,0.0001,153.616,149.868,0,0,-0.0054
7434.390223,-0.00056,0.0001,153.687,149.904,0,0,-0.0054
7436.768359,0.000315,0.0001,153.696,149.932,0,0,-0.0054
7439.078491,0.000145,0.0001,153.742,149.967,0,0,-0.0054
7441.457627,0.00056,0.0001,153.755,150.004,0,0,-0.0054
7443.936769,-0.00117,0.0001,153.842,150.039,0,0,-0.0054
7446.291904,-0.00098,0.0001,153.868,150.082,0,0,-0.0054
7448.66904,0.00094,0.0001,153.905,150.098,0,0,-0.0054
7450.979172,-0.00047,0.0001,153.91,150.143,0,0,-0.0054
7453.356308,0.00148,0.0001,153.974,150.17,0,0,-0.0054
7455.734444,-0.000755,0.0001,153.997,150.201,0,0,-0.0054
7458.11258,-0.000805,0.0001,154.056,150.243,0,0,-0.0054
7460.420712,0.00034,0.0001,154.082,150.275,0,0,-0.0054
7462.751845,-0.00203,0.0001,154.145,150.31,0,0,-0.0054
7465.060977,0.000735,0.0001,154.163,150.334,0,0,-0.0054
7467.440113,-0.000985,0.0001,154.195,150.376,0,0,-0.0054
7469.749245,-0.000335,0.0001,154.28,150.389,0,0,-0.0054
7472.127381,-0.000105,0.0001,154.283,150.436,0,0,-0.0054
7474.437513,0.00039,0.0001,154.328,150.466,0,0,-0.0054
7476.816649,-0.00102,0.0001,154.376,150.507,0,0,-0.0054
7479.192785,0.00066,0.0001,154.415,150.54,0,0,-0.0054
7481.571921,-0.00104,0.0001,154.437,150.565,0,0,-0.0054
7483.881054,-0.000295,0.0001,154.475,150.594,0,0,-0.0054
7486.196186,0.0006,0.0001,154.543,150.63,0,0,-0.0054
7488.676328,-0.00063,0.0001,154.561,150.675,0,0,-0.0054
7491.025462,-0.000115,0.0001,154.589,150.703,0,0,-0.0054
7493.334594,0.000825,0.0001,154.625,150.742,0,0,-0.0054
7495.643726,-2.96461531539e-18,0.0001,154.682,150.776,0,0,-0.0054
7498.022862,-0.000535,0.0001,154.708,150.797,0,0,-0.0054
7500.333995,0.0002,0.0001,154.757,150.841,0,0,-0.0054
7502.710131,-7e-05,0.0001,154.775,150.86,0,0,-0.0054
7505.021263,0.00037,0.0001,154.841,150.898,0,0,-0.0054
7507.330395,0.000745,0.0001,154.891,150.936,0,0,-0.0054
7509.709531,0.00028,0.0001,154.909,150.964,0,0,-0.0054
7512.025663,-0.00051,0.0001,154.948,150.995,0,0,-0.0054
7514.401799,-0.001045,0.0001,154.986,151.032,0,0,-0.0054
7516.711931,-0.001125,0.0001,155.031,151.064,0,0,-0.0054
7519.090067,-0.00095,0.0001,155.069,151.099,0,0,-0.0054
7521.467203,-0.000355,0.0001,155.088,151.135,0,0,-0.0054
7523.777335,-0.000115,0.0001,155.138,151.173,0,0,-0.0054
7526.256477,-0.000115,0.0001,155.188,151.206,0,0,-0.0054
7528.609612,-0.00156,0.0001,155.24,151.237,0,0,-0.0054
7530.988748,-0.000305,0.0001,155.235,151.268,0,0,-0.0054
7533.370884,-0.001475,0.0001,155.301,151.304,0,0,-0.0054
7535.683016,0.00043,0.0001,155.353,151.334,0,0,-0.0054
7537.994149,0.000305,0.0001,155.373,151.377,0,0,-0.0054
7540.371285,-0.00027,0.0001,155.414,151.402,0,0,-0.0054
7542.680417,0.000125,0.0001,155.459,151.45,0,0,-0.0054
7544.994549,-0.001175,0.0001,155.508,151.477,0,0,-0.0054
7547.306681,-0.00132,0.0001,155.519,151.508,0,0,-0.0054
7549.616813,-0.00052,0.0001,155.586,151.549,0,0,-0.0054
7551.946947,0.00071,0.0001,155.593,151.576,0,0,-0.0054
7554.259079,0.000355,0.0001,155.649,151.599,0,0,-0.0054
7556.570211,0.00016,0.0001,155.691,151.64,0,0,-0.0054
7558.948347,1e-05,0.0001,155.732,151.667,0,0,-0.0054
7561.328483,3e-05,0.0001,155.786,151.707,0,0,-0.0054
7563.738621,-0.00107,0.0001,155.813,151.744,0,0,-0.0054
7566.087756,-0.00012,0.0001,155.86,151.777,0,0,-0.0054
7568.395888,-0.00098,0.0001,155.868,151.809,0,0,-0.0054
7570.773023,0.000515,0.0001,155.939,151.833,0,0,-0.0054
7573.082156,0.000605,0.0001,155.962,151.877,0,0,-0.0054
7575.463292,0.000755,0.0001,155.978,151.916,0,0,-0.0054
7577.942434,0.00052,0.0001,156.043,151.947,0,0,-0.0054
7580.295568,0.002105,0.0001,156.091,151.974,0,0,-0.0054
7582.6047,0.00213,0.0001,156.124,152.017,0,0,-0.0054
7585.035839,0.00465,0.0001,156.168,152.056,0,0,-0.0054
7587.383974,0.00681,0.0001,156.204,152.088,0,0,-0.0054
7589.76311,0.00566,0.0001,156.245,152.123,0,0,-0.0054
7592.073242,0.00706,0.0001,156.286,152.151,0,0,-0.0054
7594.382374,0.007795,0.0001,156.298,152.189,0,0,-0.0054
7596.718507,0.00848,0.0001,156.376,152.223,0,0,-0.0054
7599.095643,0.007,0.0001,156.403,152.247,0,0,-0.0054
7601.404776,0.00934,0.0001,156.453,152.291,0,0,-0.0054
7603.782912,0.008635,0.0001,156.482,152.316,0,0,-0.0054
7606.094044,0.009435,0.0001,156.532,152.351,0,0,-0.0054
7608.47018,0.00987,0.0001,156.568,152.393,0,0,-0.0054
7610.879317,0.01015,0.0001,156.619,152.422,0,0,-0.0054
7613.229452,0.008805,0.0001,156.648,152.454,0,0,-0.0054
7615.605588,0.008485,0.0001,156.666,152.494,0,0,-0.0054
7617.91772,0.010365,0.0001,156.676,152.524,0,0,-0.0054
7620.298856,0.010285,0.0001,156.754,152.552,0,0,-0.0054
7622.617989,0.009645,0.0001,156.81,152.587,0,0,-0.0054
7624.995125,0.01152,0.0001,156.847,152.638,0,0,-0.0054
7627.375261,0.009025,0.0001,156.859,152.658,0,0,-0.0054
7629.755397,0.010685,0.0001,156.881,152.69,0,0,-0.0054
7632.066529,0.01077,0.0001,156.942,152.723,0,0,-0.0054
7634.391662,0.00921,0.0001,156.958,152.757,0,0,-0.0054
7636.8018,0.009975,0.0001,157.038,152.788,0,0,-0.0054
7639.153935,0.010635,0.0001,157.085,152.822,0,0,-0.0054
7641.532071,0.010415,0.0001,157.119,152.858,0,0,-0.0054
7643.846203,0.01187,0.0001,157.15,152.893,0,0,-0.0054
7646.329345,0.011305,0.0001,157.175,152.926,0,0,-0.0054
7648.677479,0.01107,0.0001,157.228,152.964,0,0,-0.0054
7651.057616,0.010995,0.0001,157.264,152.997,0,0,-0.0054
7653.552758,0.011135,0.0001,157.316,153.024,0,0,-0.0054
7655.898892,0.01215,0.0001,157.346,153.065,0,0,-0.0054
7658.281029,0.012005,0.0001,157.375,153.097,0,0,-0.0054
7660.662165,0.011155,0.0001,157.406,153.126,0,0,-0.0054
7663.046301,0.012835,0.0001,157.464,153.157,0,0,-0.0054
7665.429438,0.01288,0.0001,157.502,153.195,0,0,-0.0054
7667.811574,0.011825,0.0001,157.572,153.238,0,0,-0.0054
7670.19971,0.01187,0.0001,157.575,153.269,0,0,-0.0054
7672.513843,0.01269,0.0001,157.639,153.315,0,0,-0.0054
7674.896979,0.012895,0.0001,157.641,153.332,0,0,-0.0054
7677.389122,0.01272,0.0001,157.707,153.374,0,0,-0.0054
7679.734256,0.012275,0.0001,157.722,153.39,0,0,-0.0054
7682.047388,0.013625,0.0001,157.783,153.442,0,0,-0.0054
7684.429524,0.011995,0.0001,157.824,153.479,0,0,-0.0054
7686.743657,0.012015,0.0001,157.867,153.524,0,0,-0.0054
7689.057789,0.013775,0.0001,157.905,153.542,0,0,-0.0054
7691.441925,0.01307,0.0001,157.936,153.584,0,0,-0.0054
7693.756058,0.01286,0.0001,157.978,153.611,0,0,-0.0054
7696.080191,0.012435,0.0001,158.01,153.631,0,0,-0.0054
7698.393323,0.01224,0.0001,158.065,153.68,0,0,-0.0054
7700.811461,0.013175,0.0001,158.087,153.717,0,0,-0.0054
7703.163596,0.01459,0.0001,158.137,153.739,0,0,-0.0054
7705.476728,0.014115,0.0001,158.203,153.782,0,0,-0.0054
7707.889866,0.014315,0.0001,158.22,153.814,0,0,-0.0054
7710.254001,0.01482,0.0001,158.268,153.849,0,0,-0.0054
7712.632137,0.015085,0.0001,158.294,153.891,0,0,-0.0054
7715.017274,0.01379,0.0001,158.299,153.917,0,0,-0.0054
7717.447413,0.01263,0.0001,158.358,153.955,0,0,-0.0054
7719.803548,0.013675,0.0001,158.414,153.983,0,0,-0.0054
7722.11768,0.013255,0.0001,158.463,154.019,0,0,-0.0054
7724.452813,0.01399,0.0001,158.482,154.058,0,0,-0.0054
7726.829949,0.013605,0.0001,158.52,154.077,0,0,-0.0054
7729.144082,0.014165,0.0001,158.603,154.117,0,0,-0.0054
7731.457214,0.0135,0.0001,158.63,154.151,0,0,-0.0054
7733.792348,0.0135,0.0001,158.624,154.185,0,0,-0.0054
7736.211486,0.013965,0.0001,158.693,154.217,0,0,-0.0054
7738.568621,0.013405,0.0001,158.746,154.256,0,0,-0.0054
7740.883753,0.01279,0.0001,158.764,154.297,0,0,-0.0054
7743.301892,0.014435,0.0001,158.788,154.323,0,0,-0.0054
7745.654026,0.014255,0.0001,158.871,154.353,0,0,-0.0054
7747.970159,0.01353,0.0001,158.885,154.393,0,0,-0.0054
7750.353295,0.014465,0.0001,158.912,154.427,0,0,-0.0054
7752.668427,0.01304,0.0001,158.963,154.459,0,0,-0.0054
7754.98456,0.01434,0.0001,159.017,154.494,0,0,-0.0054
7757.299692,0.011855,0.0001,159.02,154.525,0,0,-0.0054
7759.613825,0.013955,0.0001,159.061,154.563,0,0,-0.0054
7761.947958,0.012865,0.0001,159.112,154.595,0,0,-0.0054
7764.264091,0.014055,0.0001,159.154,154.631,0,0,-0.0054
7766.647227,0.015405,0.0001,159.21,154.657,0,0,-0.0054
7769.029363,0.014045,0.0001,159.232,154.698,0,0,-0.0054
7771.346496,0.014725,0.0001,159.284,154.72,0,0,-0.0054
7773.659628,0.012975,0.0001,159.336,154.768,0,0,-0.0054
7775.97476,0.015065,0.0001,159.341,154.8,0,0,-0.0054
7778.361897,0.012835,0.0001,159.38,154.825,0,0,-0.0054
7780.674029,0.01405,0.0001,159.435,154.86,0,0,-0.0054
7783.009163,0.0126,0.0001,159.488,154.896,0,0,-0.0054
7785.323295,0.01588,0.0001,159.508,154.929,0,0,-0.0054
7787.706431,0.01459,0.0001,159.521,154.958,0,0,-0.0054
7790.023564,0.0135,0.0001,159.584,154.998,0,0,-0.0054
7792.346697,0.015255,0.0001,159.625,155.033,0,0,-0.0054
7794.659829,0.01517,0.0001,159.681,155.073,0,0,-0.0054
7797.073967,0.012595,0.0001,159.725,155.105,0,0,-0.0054
7799.426102,0.015355,0.0001,159.758,155.134,0,0,-0.0054
7801.740234,0.01635,0.0001,159.763,155.18,0,0,-0.0054
7804.12437,0.013685,0.0001,159.838,155.197,0,0,-0.0054
7806.536508,0.015835,0.0001,159.86,155.236,0,0,-0.0054
7808.893643,0.01438,0.0001,159.882,155.266,0,0,-0.0054
7811.206776,0.016115,0.0001,159.946,155.302,0,0,-0.0054
7813.587912,0.014935,0.0001,159.951,155.34,0,0,-0.0054
7815.971048,0.014045,0.0001,159.998,155.372,0,0,-0.0054
7818.352184,0.014115,0.0001,160.033,155.4,0,0,-0.0054
7820.665317,0.014395,0.0001,160.09,155.431,0,0,-0.0054
7822.981449,0.013515,0.0001,160.153,155.477,0,0,-0.0054
7825.296581,0.01365,0.0001,160.166,155.499,0,0,-0.0054
7827.609714,0.012985,0.0001,160.22,155.548,0,0,-0.0054
7829.943847,0.013005,0.0001,160.262,155.581,0,0,-0.0054
7832.25998,0.01428,0.0001,160.289,155.612,0,0,-0.0054
7834.645116,0.01261,0.0001,160.335,155.653,0,0,-0.0054
7837.132258,0.01384,0.0001,160.402,155.689,0,0,-0.0054
7839.484393,0.012245,0.0001,160.426,155.712,0,0,-0.0054
7841.797525,0.01406,0.0001,160.442,155.743,0,0,-0.0054
7844.179661,0.013255,0.0001,160.536,155.787,0,0,-0.0054
7846.560798,0.0144,0.0001,160.539,155.828,0,0,-0.0054
7848.87393,0.01279,0.0001,160.565,155.855,0,0,-0.0054
7851.189062,0.013445,0.0001,160.642,155.888,0,0,-0.0054
7853.502195,0.01241,0.0001,160.66,155.925,0,0,-0.0054
7855.815327,0.014405,0.0001,160.683,155.954,0,0,-0.0054
7858.197463,0.013785,0.0001,160.743,155.984,0,0,-0.0054
7860.5806,0.01161,0.0001,160.758,156.016,0,0,-0.0054
7862.996738,0.011745,0.0001,160.828,156.064,0,0,-0.0054
7865.352872,0.013755,0.0001,160.867,156.1,0,0,-0.0054
7867.735009,0.011845,0.0001,160.908,156.135,0,0,-0.0054
7870.050141,0.012075,0.0001,160.943,156.17,0,0,-0.0054
7872.385275,0.013525,0.0001,160.979,156.204,0,0,-0.0054
7874.768411,0.012995,0.0001,161.02,156.239,0,0,-0.0054
7877.183549,0.01373,0.0001,161.044,156.269,0,0,-0.0054
7879.538684,0.013015,0.0001,161.098,156.311,0,0,-0.0054
7881.852816,0.01389,0.0001,161.152,156.34,0,0,-0.0054
7884.235953,0.01337,0.0001,161.182,156.377,0,0,-0.0054
7886.549085,0.013275,0.0001,161.214,156.415,0,0,-0.0054
7888.865217,0.01308,0.0001,161.282,156.436,0,0,-0.0054
7891.18035,0.01233,0.0001,161.301,156.478,0,0,-0.0054
7893.494482,0.013955,0.0001,161.33,156.507,0,0,-0.0054
7895.829616,0.013155,0.0001,161.385,156.546,0,0,-0.0054
7898.146748,0.012825,0.0001,161.44,156.57,0,0,-0.0054
7900.459881,0.012305,0.0001,161.427,156.61,0,0,-0.0054
7902.774013,0.01315,0.0001,161.516,156.654,0,0,-0.0054
7905.157149,0.01367,0.0001,161.529,156.677,0,0,-0.0054
7907.482282,0.012575,0.0001,161.558,156.713,0,0,-0.0054
7909.864418,0.01267,0.0001,161.585,156.743,0,0,-0.0054
7912.178551,0.01368,0.0001,161.62,156.787,0,0,-0.0054
7914.561687,0.01266,0.0001,161.7,156.83,0,0,-0.0054
7916.870819,0.012275,0.0001,161.703,156.861,0,0,-0.0053
7919.288957,0.01208,0.0001,161.752,156.894,0,0,-0.0053
7921.640092,0.013245,0.0001,161.82,156.92,0,0,-0.0053
7924.022228,0.01265,0.0001,161.89,156.97,0,0,-0.0053
7926.402364,0.01282,0.0001,161.872,156.993,0,0,-0.0053
7928.7805,0.01306,0.0001,161.931,157.049,0,0,-0.0053
7931.161637,0.01209,0.0001,161.949,157.081,0,0,-0.0053
7933.475769,0.013405,0.0001,161.976,157.106,0,0,-0.0053
7935.959911,0.01261,0.0001,162.04,157.142,0,0,-0.0053
7938.317046,0.0128,0.0001,162.098,157.174,0,0,-0.0053
7940.699182,0.012795,0.0001,162.095,157.213,0,0,-0.0053
7943.11132,0.01247,0.0001,162.151,157.26,0,0,-0.0053
7945.466455,0.012485,0.0001,162.177,157.273,0,0,-0.0053
7947.846591,0.0137,0.0001,162.274,157.312,0,0,-0.0053
7950.230727,0.01161,0.0001,162.306,157.35,0,0,-0.0053
7952.540859,0.011915,0.0001,162.297,157.383,0,0,-0.0053
7954.872993,0.011255,0.0001,162.363,157.428,0,0,-0.0053
7957.250129,0.01292,0.0001,162.361,157.463,0,0,-0.0053
7959.560261,0.01126,0.0001,162.396,157.482,0,0,-0.0053
7961.873393,0.011985,0.0001,162.446,157.518,0,0,-0.0053
7964.187526,0.01388,0.0001,162.505,157.557,0,0,-0.0053
7966.570662,0.0118,0.0001,162.542,157.589,0,0,-0.0053
7968.889794,0.012375,0.0001,162.622,157.625,0,0,-0.0053
7971.204927,0.01219,0.0001,162.61,157.643,0,0,-0.0053
7973.518059,0.01222,0.0001,162.682,157.695,0,0,-0.0053
7975.829191,0.01126,0.0001,162.671,157.724,0,0,-0.0053
7978.163325,0.01264,0.0001,162.731,157.752,0,0,-0.0053
7980.478457,0.011585,0.0001,162.796,157.802,0,0,-0.0053
7982.788589,0.011685,0.0001,162.813,157.816,0,0,-0.0053
7985.165725,0.01324,0.0001,162.87,157.861,0,0,-0.0053
7987.547862,0.012805,0.0001,162.915,157.898,0,0,-0.0053
7989.929998,0.011885,0.0001,162.899,157.923,0,0,-0.0053
7992.24513,0.01215,0.0001,162.96,157.958,0,0,-0.0053
7994.558263,0.01194,0.0001,163.018,157.994,0,0,-0.0053
7996.864395,0.01279,0.0001,163.056,158.026,0,0,-0.0053
7999.243531,0.01121,0.0001,163.105,158.07,0,0,-0.0053
8001.620667,0.012,0.0001,163.13,158.103,0,0,-0.0053
8003.935799,0.012525,0.0001,163.163,158.143,0,0,-0.0053
8006.314935,0.0097,0.0001,163.195,158.161,0,0,-0.0053
8008.623067,0.01246,0.0001,163.239,158.202,0,0,-0.0053
8010.9382,0.0119,0.0001,163.252,158.236,0,0,-0.0053
8013.317336,0.0125,0.0001,163.323,158.272,0,0,-0.0053
8015.698472,0.012075,0.0001,163.355,158.317,0,0,-0.0053
8018.080608,0.0114,0.0001,163.417,158.347,0,0,-0.0053
8020.39374,0.012215,0.0001,163.457,158.378,0,0,-0.0053
8022.702872,0.011655,0.0001,163.467,158.418,0,0,-0.0053
8025.015005,0.010995,0.0001,163.5,158.442,0,0,-0.0053
8027.391141,0.012065,0.0001,163.569,158.487,0,0,-0.0053
8029.767276,0.01131,0.0001,163.591,158.52,0,0,-0.0053
8032.077409,0.011235,0.0001,163.653,158.568,0,0,-0.0053
8034.487546,0.011195,0.0001,163.661,158.589,0,0,-0.0053
8036.942687,0.01182,0.0001,163.723,158.618,0,0,-0.0053
8039.488833,0.010425,0.0001,163.734,158.653,0,0,-0.0053
8041.818966,0.011205,0.0001,163.789,158.69,0,0,-0.0053
8044.131098,0.012105,0.0001,163.808,158.729,0,0,-0.0053
8046.514234,0.01256,0.0001,163.873,158.778,0,0,-0.0053
8048.896371,0.011655,0.0001,163.91,158.802,0,0,-0.0053
8051.275507,0.011765,0.0001,163.943,158.841,0,0,-0.0053
8053.651643,0.01186,0.0001,164.005,158.869,0,0,-0.0053
8056.028779,0.011765,0.0001,164.056,158.913,0,0,-0.0053
8058.342911,0.01291,0.0001,164.083,158.928,0,0,-0.0053
8060.756049,0.01035,0.0001,164.139,158.976,0,0,-0.0053
8063.105183,0.01307,0.0001,164.14,159.016,0,0,-0.0053
8065.48832,0.011295,0.0001,164.209,159.04,0,0,-0.0053
8067.798452,0.011545,0.0001,164.189,159.08,0,0,-0.0053
8070.180588,0.01235,0.0001,164.257,159.099,0,0,-0.0053
8072.558724,0.01194,0.0001,164.349,159.142,0,0,-0.0053
8074.94086,0.01242,0.0001,164.344,159.172,0,0,-0.0053
8077.254993,0.012365,0.0001,164.406,159.217,0,0,-0.0053
8079.570125,0.012545,0.0001,164.414,159.254,0,0,-0.0053
8081.950261,0.01269,0.0001,164.482,159.277,0,0,-0.0053
8084.337398,0.01371,0.0001,164.546,159.325,0,0,-0.0053
8086.718534,0.011525,0.0001,164.54,159.343,0,0,-0.0053
8089.029666,0.011805,0.0001,164.582,159.398,0,0,-0.0053
8091.406802,0.013415,0.0001,164.624,159.417,0,0,-0.0053
8093.719934,0.011665,0.0001,164.676,159.456,0,0,-0.0053
8096.034067,0.012565,0.0001,164.719,159.494,0,0,-0.0053
8098.416203,0.012855,0.0001,164.721,159.522,0,0,-0.0053
8100.795339,0.01144,0.0001,164.767,159.562,0,0,-0.0053
8103.110471,0.013125,0.0001,164.809,159.595,0,0,-0.0053
8105.492608,0.012035,0.0001,164.863,159.631,0,0,-0.0053
8107.80474,0.01193,0.0001,164.865,159.658,0,0,-0.0053
8110.185876,0.012915,0.0001,164.915,159.694,0,0,-0.0053
8112.566012,0.013195,0.0001,164.966,159.737,0,0,-0.0053
8114.945148,0.011235,0.0001,164.978,159.766,0,0,-0.0053
8117.258281,0.01135,0.0001,165.034,159.806,0,0,-0.0053
8119.635417,0.01216,0.0001,165.097,159.825,0,0,-0.0053
8121.950549,0.01207,0.0001,165.135,159.86,0,0,-0.0053
8124.285683,0.012445,0.0001,165.143,159.897,0,0,-0.0053
8126.665819,0.012285,0.0001,165.207,159.931,0,0,-0.0053
8128.979951,0.012495,0.0001,165.262,159.973,0,0,-0.0053
8131.362087,0.01249,0.0001,165.267,160.009,0,0,-0.0053
8133.741223,0.0136,0.0001,165.331,160.051,0,0,-0.0053
8136.12436,0.013155,0.0001,165.354,160.067,0,0,-0.0053
8138.508496,0.0132,0.0001,165.393,160.123,0,0,-0.0053
8140.888632,0.011125,0.0001,165.448,160.145,0,0,-0.0053
8143.200764,0.011755,0.0001,165.48,160.18,0,0,-0.0053
8145.509897,0.01099,0.0001,165.486,160.209,0,0,-0.0053
8147.820029,0.012215,0.0001,165.534,160.25,0,0,-0.0053
8150.136161,0.01256,0.0001,165.582,160.281,0,0,-0.0053
8152.514297,0.01202,0.0001,165.648,160.316,0,0,-0.0053
8154.82843,0.01291,0.0001,165.69,160.346,0,0,-0.0053
8157.142562,0.01219,0.0001,165.703,160.378,0,0,-0.0053
8159.455694,0.01253,0.0001,165.754,160.421,0,0,-0.0053
8161.769827,0.01325,0.0001,165.806,160.448,0,0,-0.0053
8164.081959,0.01179,0.0001,165.815,160.494,0,0,-0.0053
8166.463095,0.013025,0.0001,165.862,160.523,0,0,-0.0053
8168.846231,0.01245,0.0001,165.92,160.563,0,0,-0.0053
8171.160364,0.012675,0.0001,165.936,160.598,0,0,-0.0053
8173.5425,0.01266,0.0001,165.982,160.629,0,0,-0.0053
8175.866633,0.012535,0.0001,166.007,160.662,0,0,-0.0053
8178.181765,0.012845,0.0001,166.067,160.708,0,0,-0.0053
8180.497898,0.01346,0.0001,166.1,160.737,0,0,-0.0053
8182.99004,0.012555,0.0001,166.143,160.764,0,0,-0.0053
8185.342175,0.01114,0.0001,166.192,160.803,0,0,-0.0053
8187.651307,0.013285,0.0001,166.22,160.84,0,0,-0.0053
8189.966439,0.012305,0.0001,166.249,160.872,0,0,-0.0053
8192.345575,0.012585,0.0001,166.308,160.922,0,0,-0.0053
8194.658708,0.01333,0.0001,166.325,160.955,0,0,-0.0053
8196.97384,0.0122,0.0001,166.396,160.995,0,0,-0.0053
8199.310974,0.011475,0.0001,166.391,161.021,0,0,-0.0053
8201.623106,0.012585,0.0001,166.48,161.056,0,0,-0.0053
8204.007242,0.01355,0.0001,166.472,161.093,0,0,-0.0053
8206.391379,0.012395,0.0001,166.54,161.125,0,0,-0.0053
8208.700511,0.01164,0.0001,166.567,161.163,0,0,-0.0053
8211.012643,0.01267,0.0001,166.599,161.195,0,0,-0.0053
8213.326775,0.013655,0.0001,166.621,161.232,0,0,-0.0053
8215.712912,0.013245,0.0001,166.686,161.262,0,0,-0.0053
8218.094048,0.01242,0.0001,166.727,161.314,0,0,-0.0053
8220.477184,0.012365,0.0001,166.795,161.327,0,0,-0.0053
8222.856321,0.013305,0.0001,166.809,161.367,0,0,-0.0053
8225.171453,0.012145,0.0001,166.827,161.407,0,0,-0.0053
8227.482585,0.012855,0.0001,166.889,161.452,0,0,-0.0053
8229.866721,0.012935,0.0001,166.945,161.468,0,0,-0.0053
8232.247858,0.01373,0.0001,166.966,161.505,0,0,-0.0053
8234.732,0.012995,0.0001,167.027,161.552,0,0,-0.0053
8237.085134,0.013325,0.0001,167.032,161.59,0,0,-0.0053
8239.467271,0.01313,0.0001,167.102,161.608,0,0,-0.0053
8241.780403,0.012565,0.0001,167.111,161.653,0,0,-0.0053
8244.095535,0.01116,0.0001,167.142,161.696,0,0,-0.0053
8246.410668,0.012725,0.0001,167.242,161.719,0,0,-0.0053
8248.735801,0.013945,0.0001,167.242,161.764,0,0,-0.0053
8251.117937,0.012345,0.0001,167.289,161.795,0,0,-0.0053
8253.499073,0.01198,0.0001,167.288,161.837,0,0,-0.0053
8255.811205,0.01368,0.0001,167.375,161.863,0,0,-0.0053
8258.126338,0.0116,0.0001,167.398,161.888,0,0,-0.0053
8260.456471,0.013425,0.0001,167.397,161.932,0,0,-0.0053
8262.771604,0.012495,0.0001,167.466,161.958,0,0,-0.0053
8265.15174,0.01363,0.0001,167.505,162,0,0,-0.0053
8267.534876,0.01413,0.0001,167.582,162.033,0,0,-0.0053
8269.918012,0.013295,0.0001,167.589,162.072,0,0,-0.0053
8272.301149,0.01282,0.0001,167.631,162.107,0,0,-0.0053
8274.687285,0.013175,0.0001,167.672,162.147,0,0,-0.0053
8277.070421,0.01292,0.0001,167.723,162.176,0,0,-0.0053
8279.386554,0.01155,0.0001,167.723,162.212,0,0,-0.0053
8281.696686,0.012475,0.0001,167.809,162.25,0,0,-0.0053
8284.075822,0.013745,0.0001,167.864,162.289,0,0,-0.0053
8286.458958,0.01192,0.0001,167.878,162.328,0,0,-0.0053
8288.774091,0.013985,0.0001,167.877,162.362,0,0,-0.0053
8291.157227,0.011995,0.0001,167.981,162.387,0,0,-0.0053
8293.471359,0.01283,0.0001,167.969,162.43,0,0,-0.0053
8295.786492,0.0127,0.0001,167.983,162.475,0,0,-0.0053
8298.101624,0.012675,0.0001,168.05,162.493,0,0,-0.0053
8300.413757,0.01183,0.0001,168.109,162.516,0,0,-0.0053
8302.793893,0.012745,0.0001,168.124,162.568,0,0,-0.0053
8305.210031,0.013305,0.0001,168.183,162.604,0,0,-0.0053
8307.566166,0.01203,0.0001,168.184,162.628,0,0,-0.0053
8309.881298,0.012305,0.0001,168.228,162.675,0,0,-0.0053
8312.297436,0.014265,0.0001,168.276,162.715,0,0,-0.0053
8314.649571,0.01263,0.0001,168.337,162.741,0,0,-0.0053
8316.964703,0.01314,0.0001,168.354,162.755,0,0,-0.0053
8319.278836,0.011945,0.0001,168.407,162.82,0,0,-0.0053
8321.611969,0.01327,0.0001,168.445,162.848,0,0,-0.0053
8323.998106,0.011725,0.0001,168.47,162.865,0,0,-0.0053
8326.311238,0.01253,0.0001,168.547,162.918,0,0,-0.0053
8328.62537,0.012725,0.0001,168.576,162.943,0,0,-0.0053
8330.939503,0.012435,0.0001,168.62,162.976,0,0,-0.0053
8333.255635,0.013555,0.0001,168.619,163.006,0,0,-0.0053
8335.638771,0.012135,0.0001,168.684,163.04,0,0,-0.0053
8337.953904,0.01159,0.0001,168.731,163.08,0,0,-0.0053
8340.267036,0.01334,0.0001,168.745,163.117,0,0,-0.0053
8342.647172,0.010945,0.0001,168.792,163.151,0,0,-0.0053
8344.957304,0.01207,0.0001,168.837,163.206,0,0,-0.0053
8347.270437,0.0125,0.0001,168.895,163.23,0,0,-0.0053
8349.581569,0.012575,0.0001,168.908,163.261,0,0,-0.0053
8351.959705,0.010695,0.0001,168.958,163.299,0,0,-0.0053
8354.269837,0.0111,0.0001,168.996,163.324,0,0,-0.0053
8356.60397,0.01123,0.0001,169.009,163.371,0,0,-0.0053
8358.982106,0.01239,0.0001,169.072,163.398,0,0,-0.0053
8361.365243,0.013085,0.0001,169.112,163.431,0,0,-0.0053
8363.743379,0.01134,0.0001,169.152,163.474,0,0,-0.0053
8366.058511,0.012665,0.0001,169.206,163.503,0,0,-0.0053
8368.372644,0.011065,0.0001,169.244,163.532,0,0,-0.0053
8370.690776,0.012185,0.0001,169.258,163.579,0,0,-0.0053
8373.178918,0.01206,0.0001,169.309,163.612,0,0,-0.0053
8375.531053,0.011735,0.0001,169.335,163.648,0,0,-0.0053
8377.846185,0.011915,0.0001,169.393,163.675,0,0,-0.0053
8380.257323,0.0114,0.0001,169.446,163.71,0,0,-0.0053
8382.606458,0.011245,0.0001,169.456,163.751,0,0,-0.0053
8384.988594,0.01333,0.0001,169.514,163.792,0,0,-0.0053
8387.302726,0.01133,0.0001,169.528,163.818,0,0,-0.0053
8389.614859,0.01183,0.0001,169.569,163.867,0,0,-0.0053
8391.940992,0.014135,0.0001,169.594,163.888,0,0,-0.0053
8394.322128,0.01113,0.0001,169.675,163.932,0,0,-0.0053
8396.63226,0.01286,0.0001,169.714,163.96,0,0,-0.0053
8399.014396,0.01139,0.0001,169.727,163.995,0,0,-0.0053
8401.322528,0.01322,0.0001,169.796,164.039,0,0,-0.0053
8403.701664,0.01376,0.0001,169.817,164.056,0,0,-0.0053
8406.015797,0.010865,0.0001,169.834,164.101,0,0,-0.0053
8408.327929,0.012085,0.0001,169.88,164.135,0,0,-0.0053
8410.708065,0.012515,0.0001,169.93,164.172,0,0,-0.0053
8413.023197,0.011455,0.0001,169.95,164.203,0,0,-0.0053
8415.33233,0.01111,0.0001,170.021,164.234,0,0,-0.0053
8417.640462,0.01178,0.0001,170.052,164.277,0,0,-0.0053
8419.968595,0.012165,0.0001,170.087,164.307,0,0,-0.0053
8422.282727,0.011695,0.0001,170.152,164.352,0,0,-0.0053
8424.590859,0.01125,0.0001,170.178,164.37,0,0,-0.0053
8426.900991,0.01286,0.0001,170.236,164.42,0,0,-0.0053
8429.281127,0.011985,0.0001,170.284,164.453,0,0,-0.0053
8431.658263,0.010385,0.0001,170.306,164.491,0,0,-0.0053
8433.967395,0.01192,0.0001,170.324,164.522,0,0,-0.0053
8436.279528,0.013525,0.0001,170.408,164.557,0,0,-0.0053
8438.658664,0.01169,0.0001,170.435,164.605,0,0,-0.0053
8440.966796,0.011625,0.0001,170.446,164.635,0,0,-0.0053
8443.280928,0.012505,0.0001,170.487,164.654,0,0,-0.0053
8445.692066,0.0116,0.0001,170.559,164.7,0,0,-0.0053
8448.045201,0.012435,0.0001,170.582,164.722,0,0,-0.0053
8450.356333,0.01201,0.0001,170.613,164.77,0,0,-0.0053
8452.667465,0.01229,0.0001,170.698,164.806,0,0,-0.0053
8455.046601,0.010585,0.0001,170.694,164.84,0,0,-0.0053
8457.354733,0.012085,0.0001,170.721,164.872,0,0,-0.0053
8459.734869,0.013425,0.0001,170.778,164.904,0,0,-0.0053
8462.048002,0.012025,0.0001,170.782,164.944,0,0,-0.0053
8464.357134,0.01384,0.0001,170.835,164.961,0,0,-0.0053
8466.73527,0.012135,0.0001,170.857,165.001,0,0,-0.0053
8469.050402,0.011765,0.0001,170.957,165.042,0,0,-0.0053
8471.430538,0.01177,0.0001,170.955,165.068,0,0,-0.0053
8473.74267,0.01188,0.0001,171.02,165.124,0,0,-0.0053
8476.053803,0.01068,0.0001,171.031,165.136,0,0,-0.0053
8478.362935,0.011955,0.0001,171.082,165.175,0,0,-0.0053
8480.685067,0.013555,0.0001,171.135,165.229,0,0,-0.0053
8483.063204,0.012155,0.0001,171.129,165.251,0,0,-0.0053
8485.440339,0.011815,0.0001,171.2,165.282,0,0,-0.0053
8487.750472,0.011715,0.0001,171.233,165.316,0,0,-0.0053
8490.063604,0.012275,0.0001,171.31,165.341,0,0,-0.0053
8492.43974,0.013035,0.0001,171.32,165.379,0,0,-0.0053
8494.820876,0.012285,0.0001,171.344,165.422,0,0,-0.0053
8497.134008,0.01332,0.0001,171.39,165.464,0,0,-0.0053
8499.471142,0.013165,0.0001,171.434,165.492,0,0,-0.0053
8501.782274,0.01187,0.0001,171.479,165.521,0,0,-0.0053
8504.091406,0.01212,0.0001,171.542,165.564,0,0,-0.0053
8506.402538,0.01245,0.0001,171.559,165.595,0,0,-0.0053
8508.785675,0.01223,0.0001,171.609,165.627,0,0,-0.0053
8511.100807,0.012815,0.0001,171.623,165.675,0,0,-0.0053
8513.42394,0.01247,0.0001,171.658,165.7,0,0,-0.0053
8515.803076,0.01284,0.0001,171.717,165.741,0,0,-0.0053
8518.115208,0.011665,0.0001,171.737,165.786,0,0,-0.0053
8520.426341,0.01329,0.0001,171.788,165.823,0,0,-0.0053
8522.805477,0.012425,0.0001,171.815,165.835,0,0,-0.0053
8525.117609,0.011275,0.0001,171.868,165.884,0,0,-0.0053
8527.445742,0.012415,0.0001,171.908,165.937,0,0,-0.0053
8529.85888,0.01157,0.0001,171.92,165.951,0,0,-0.0053
8532.211015,0.01218,0.0001,172.012,165.997,0,0,-0.0053
8534.524147,0.011035,0.0001,172.051,166.037,0,0,-0.0053
8536.834279,0.01389,0.0001,172.037,166.063,0,0,-0.0053
8539.219415,0.01145,0.0001,172.129,166.095,0,0,-0.0053
8541.529548,0.01252,0.0001,172.127,166.132,0,0,-0.0053
8543.913684,0.013355,0.0001,172.15,166.164,0,0,-0.0053
8546.29182,0.014035,0.0001,172.221,166.212,0,0,-0.0053
8548.673956,0.01159,0.0001,172.272,166.243,0,0,-0.0053
8550.985088,0.013605,0.0001,172.271,166.279,0,0,-0.0053
8553.299221,0.01168,0.0001,172.36,166.316,0,0,-0.0053
8555.678357,0.01223,0.0001,172.32,166.357,0,0,-0.0053
8557.990489,0.012325,0.0001,172.378,166.379,0,0,-0.0053
8560.367625,0.0117,0.0001,172.448,166.426,0,0,-0.0053
8562.683758,0.01228,0.0001,172.5,166.458,0,0,-0.0053
8565.00689,0.011865,0.0001,172.508,166.501,0,0,-0.0053
8567.435029,0.0129,0.0001,172.567,166.533,0,0,-0.0053
8569.782164,0.012415,0.0001,172.627,166.566,0,0,-0.0053
8572.095296,0.01212,0.0001,172.655,166.601,0,0,-0.0053
8574.429429,0.01309,0.0001,172.695,166.639,0,0,-0.0053
8576.810566,0.011715,0.0001,172.707,166.678,0,0,-0.0053
8579.119698,0.01281,0.0001,172.751,166.708,0,0,-0.0053
8581.43383,0.01349,0.0001,172.798,166.746,0,0,-0.0053
8583.747962,0.01303,0.0001,172.823,166.775,0,0,-0.0053
8586.128098,0.0126,0.0001,172.889,166.808,0,0,-0.0053
8588.509235,0.01195,0.0001,172.899,166.844,0,0,-0.0053
8590.823367,0.013255,0.0001,172.946,166.883,0,0,-0.0053
8593.137499,0.012865,0.0001,172.972,166.914,0,0,-0.0053
8595.516635,0.01222,0.0001,173.044,166.962,0,0,-0.0053
8597.831768,0.01194,0.0001,173.056,166.996,0,0,-0.0053
8600.1479,0.012825,0.0001,173.11,167.035,0,0,-0.0053
8602.529037,0.0124,0.0001,173.136,167.06,0,0,-0.0053
8604.840169,0.013185,0.0001,173.18,167.098,0,0,-0.0053
8607.229305,0.01416,0.0001,173.23,167.139,0,0,-0.0053
8609.611442,0.01123,0.0001,173.295,167.174,0,0,-0.0053
8612.02958,0.013945,0.0001,173.298,167.211,0,0,-0.0053
8614.380714,0.012165,0.0001,173.328,167.249,0,0,-0.0053
8616.689847,0.01307,0.0001,173.377,167.278,0,0,-0.0053
8619.104985,0.012535,0.0001,173.426,167.317,0,0,-0.0053
8621.664131,0.01214,0.0001,173.447,167.343,0,0,-0.0053
8623.995264,0.012885,0.0001,173.501,167.391,0,0,-0.0053
8626.3734,0.012555,0.0001,173.517,167.422,0,0,-0.0053
8628.751536,0.013835,0.0001,173.602,167.455,0,0,-0.0053
8631.076669,0.01363,0.0001,173.61,167.495,0,0,-0.0053
8633.458806,0.01187,0.0001,173.674,167.535,0,0,-0.0053
8635.867943,0.01293,0.0001,173.726,167.572,0,0,-0.0053
8638.224078,0.01299,0.0001,173.752,167.609,0,0,-0.0053
8640.538211,0.01215,0.0001,173.777,167.654,0,0,-0.0053
8642.916347,0.012485,0.0001,173.812,167.677,0,0,-0.0053
8645.229479,0.014525,0.0001,173.878,167.706,0,0,-0.0053
8647.611615,0.012955,0.0001,173.888,167.751,0,0,-0.0053
8649.993751,0.01297,0.0001,173.947,167.776,0,0,-0.0053
8652.306884,0.01222,0.0001,173.971,167.828,0,0,-0.0053
8654.68502,0.01162,0.0001,174.007,167.85,0,0,-0.0053
8656.996152,0.01203,0.0001,174.038,167.886,0,0,-0.0053
8659.308284,0.01277,0.0001,174.08,167.919,0,0,-0.0053
8661.724422,0.013335,0.0001,174.111,167.953,0,0,-0.0053
8664.078557,0.01324,0.0001,174.172,167.999,0,0,-0.0053
8666.459693,0.013075,0.0001,174.24,168.023,0,0,-0.0053
8668.84383,0.01294,0.0001,174.265,168.066,0,0,-0.0053
8671.155962,0.01334,0.0001,174.296,168.101,0,0,-0.0053
8673.489095,0.012585,0.0001,174.334,168.143,0,0,-0.0053
8675.872232,0.01302,0.0001,174.378,168.171,0,0,-0.0053
8678.185364,0.012815,0.0001,174.377,168.21,0,0,-0.0053
8680.498496,0.013335,0.0001,174.414,168.239,0,0,-0.0053
8682.812629,0.01357,0.0001,174.496,168.284,0,0,-0.0053
8685.195765,0.013795,0.0001,174.499,168.321,0,0,-0.0053
8687.571901,0.012385,0.0001,174.546,168.347,0,0,-0.0053
8689.893033,0.012425,0.0001,174.587,168.382,0,0,-0.0053
8692.208166,0.01358,0.0001,174.612,168.428,0,0,-0.0053
8694.694308,0.01217,0.0001,174.678,168.463,0,0,-0.0053
8697.041442,0.01229,0.0001,174.721,168.492,0,0,-0.0053
8699.353575,0.012505,0.0001,174.744,168.541,0,0,-0.0053
8701.764713,0.01241,0.0001,174.829,168.564,0,0,-0.0053
8704.116847,0.012525,0.0001,174.812,168.599,0,0,-0.0053
8706.426979,0.01326,0.0001,174.87,168.633,0,0,-0.0053
8708.808115,0.01373,0.0001,174.909,168.673,0,0,-0.0053
8711.192252,0.012555,0.0001,174.93,168.714,0,0,-0.0053
8713.501384,0.013075,0.0001,174.986,168.732,0,0,-0.0053
8715.816516,0.012945,0.0001,175.007,168.771,0,0,-0.0053
8718.15265,0.013315,0.0001,175.071,168.819,0,0,-0.0053
8720.492784,0.01184,0.0001,175.101,168.85,0,0,-0.0053
8722.851919,0.013325,0.0001,175.129,168.89,0,0,-0.0053
8725.168051,0.01241,0.0001,175.153,168.914,0,0,-0.0053
8727.654193,0.011735,0.0001,175.205,168.969,0,0,-0.0053
8729.996327,0.01271,0.0001,175.262,168.989,0,0,-0.0053
8732.30946,0.01371,0.0001,175.267,169.021,0,0,-0.0053
8734.734598,0.01263,0.0001,175.364,169.058,0,0,-0.0053
8737.086733,0.013445,0.0001,175.394,169.109,0,0,-0.0053
8739.561874,0.012195,0.0001,175.407,169.122,0,0,-0.0053
8741.911009,0.01266,0.0001,175.452,169.18,0,0,-0.0053
8744.224141,0.012435,0.0001,175.503,169.212,0,0,-0.0053
8746.600277,0.013105,0.0001,175.525,169.248,0,0,-0.0053
8748.987414,0.012555,0.0001,175.568,169.29,0,0,-0.0053
8751.300546,0.01378,0.0001,175.633,169.312,0,0,-0.0053
8753.612678,0.01236,0.0001,175.652,169.348,0,0,-0.0053
8755.92081,0.0143,0.0001,175.665,169.386,0,0,-0.0053
8758.304946,0.0131,0.0001,175.755,169.426,0,0,-0.0053
8760.683082,0.012885,0.0001,175.771,169.45,0,0,-0.0053
8762.997215,0.01419,0.0001,175.834,169.48,0,0,-0.0053
8765.376351,0.011325,0.0001,175.847,169.53,0,0,-0.0053
8767.685483,0.014435,0.0001,175.876,169.552,0,0,-0.0053
8770.067619,0.01311,0.0001,175.945,169.603,0,0,-0.0053
8772.380752,0.012825,0.0001,175.944,169.633,0,0,-0.0053
8774.788889,0.01271,0.0001,176.011,169.675,0,0,-0.0053
8777.142024,0.012635,0.0001,176.083,169.707,0,0,-0.0053
8779.454156,0.0115,0.0001,176.079,169.806,0,0,-0.0053
8781.763288,0.013185,0.0001,176.121,169.774,0,0,-0.0053
8784.07642,0.01446,0.0001,176.151,169.816,0,0,-0.0053
8786.455557,0.01228,0.0001,176.156,169.854,0,0,-0.0053
8788.763689,0.01409,0.0001,176.236,169.865,0,0,-0.0053
8791.145825,0.012715,0.0001,176.241,169.908,0,0,-0.0053
8793.570964,0.01278,0.0001,176.375,169.953,0,0,-0.0053
8795.918098,0.01192,0.0001,176.341,170.025,0,0,-0.0053
8798.23023,0.014715,0.0001,176.402,170.023,0,0,-0.0053
8800.612366,0.013645,0.0001,176.44,170.129,0,0,-0.0053
8802.924499,0.012065,0.0001,176.482,170.084,0,0,-0.0053
8805.260632,0.01318,0.0001,176.521,170.115,0,0,-0.0053
8807.587765,0.01213,0.0001,176.558,170.138,0,0,-0.0053
8809.896897,0.013095,0.0001,176.577,170.174,0,0,-0.0053
8812.276033,0.01237,0.0001,176.613,170.237,0,0,-0.0053
8814.687171,0.01229,0.0001,176.687,170.292,0,0,-0.0053
8817.040306,0.0135,0.0001,176.69,170.364,0,0,-0.0053
8819.353438,0.011535,0.0001,176.755,170.342,0,0,-0.0053
8821.667571,0.01197,0.0001,176.758,170.378,0,0,-0.0053
8823.981703,0.01332,0.0001,176.787,170.415,0,0,-0.0053
8826.315836,0.012195,0.0001,176.845,170.421,0,0,-0.0053
8828.628969,0.012975,0.0001,176.92,170.468,0,0,-0.0053
8830.939101,0.014175,0.0001,176.955,170.511,0,0,-0.0053
8833.425243,0.010555,0.0001,177.008,170.519,0,0,-0.0053
8835.776378,0.01235,0.0001,177.014,170.583,0,0,-0.0053
8838.184515,0.013075,0.0001,177.031,170.606,0,0,-0.0053
8840.53465,0.013465,0.0001,177.11,170.654,0,0,-0.0053
8842.912786,0.01352,0.0001,177.134,170.703,0,0,-0.0053
8845.237919,0.011975,0.0001,177.181,170.738,0,0,-0.0053
8847.549051,0.01389,0.0001,177.229,170.757,0,0,-0.0053
8849.932187,0.01367,0.0001,177.267,170.805,0,0,-0.0053
8852.24632,0.01388,0.0001,177.279,170.843,0,0,-0.0053
8854.627456,0.01336,0.0001,177.339,170.863,0,0,-0.0053
8857.013592,0.011615,0.0001,177.395,170.918,0,0,-0.0053
8859.325724,0.012715,0.0001,177.415,170.927,0,0,-0.0053
8861.659858,0.01256,0.0001,177.448,170.98,0,0,-0.0053
8864.037994,0.01411,0.0001,177.465,171.001,0,0,-0.0053
8866.351126,0.0115,0.0001,177.546,171.063,0,0,-0.0053
8868.729262,0.013655,0.0001,177.544,171.091,0,0,-0.0053
8871.045395,0.012395,0.0001,177.62,171.127,0,0,-0.0053
8873.356527,0.011925,0.0001,177.667,171.169,0,0,-0.0053
8875.669659,0.012225,0.0001,177.695,171.201,0,0,-0.0053
8877.983792,0.01356,0.0001,177.721,171.241,0,0,-0.0053
8880.300924,0.013165,0.0001,177.723,171.266,0,0,-0.0053
8882.67606,0.011765,0.0001,177.824,171.307,0,0,-0.0053
8884.990192,0.013245,0.0001,177.844,171.345,0,0,-0.0053
8887.307325,0.0132,0.0001,177.922,171.373,0,0,-0.0053
8889.685461,0.01355,0.0001,177.926,171.42,0,0,-0.0053
8892.066597,0.01257,0.0001,177.969,171.445,0,0,-0.0053
8894.442733,0.011975,0.0001,178.02,171.492,0,0,-0.0053
8896.752865,0.01186,0.0001,178.029,171.509,0,0,-0.0053
8899.132001,0.012085,0.0001,178.105,171.562,0,0,-0.0053
8901.441133,0.01375,0.0001,178.114,171.593,0,0,-0.0053
8903.755266,0.013465,0.0001,178.131,171.634,0,0,-0.0053
8906.137402,0.01401,0.0001,178.213,171.672,0,0,-0.0053
8908.518538,0.01264,0.0001,178.231,171.71,0,0,-0.0053
8910.897674,0.01338,0.0001,178.296,171.748,0,0,-0.0053
8913.210807,0.011895,0.0001,178.302,171.776,0,0,-0.0053
8915.588943,0.012835,0.0001,178.37,171.819,0,0,-0.0053
8917.970079,0.012295,0.0001,178.404,171.857,0,0,-0.0053
8920.348215,0.01327,0.0001,178.452,171.883,0,0,-0.0053
8922.657347,0.012025,0.0001,178.468,171.917,0,0,-0.0053
8924.971479,0.013155,0.0001,178.551,171.974,0,0,-0.0053
8927.458621,0.012215,0.0001,178.514,171.99,0,0,-0.0053
